    unsorted:	 1795.334867 1827.099720 1833.328091 1660.863614 1594.517333 1508.415312 1405.208337 1430.715390 1360.835316 1322.208118 1251.710443 1197.846657 1953.214445 2036.254963 2296.737453 2308.543322 2372.730866 2425.227261 2499.755076 2518.330520 2673.217383 2722.606967 2784.610061 2793.214163 2826.844972 2833.242412 1007.013259 973.9690725 2987.266745 835.8169376 791.8193473 749.8940564 690.9536212 0.005962680280 1.154232988 0.09572815838 442.6894625 132.4687098 312.1023065 3488.400657 4127.020001 5171.603224 6120.021797 10751.09815 15470.07974 30464.10194 34574.62875 47139.37612 61080.43616 193759.5401 281301.8203 418837.2420
      sorted:	 0.005962680280 0.09572815838 1.154232988 132.4687098 312.1023065 442.6894625 690.9536212 749.8940564 791.8193473 835.8169376 973.9690725 1007.013259 1197.846657 1251.710443 1322.208118 1360.835316 1405.208337 1430.715390 1508.415312 1594.517333 1660.863614 1795.334867 1827.099720 1833.328091 1953.214445 2036.254963 2296.737453 2308.543322 2372.730866 2425.227261 2499.755076 2518.330520 2673.217383 2722.606967 2784.610061 2793.214163 2826.844972 2833.242412 2987.266745 3488.400657 4127.020001 5171.603224 6120.021797 10751.09815 15470.07974 30464.10194 34574.62875 47139.37612 61080.43616 193759.5401 281301.8203 418837.2420
