    unsorted:	 3475.905152 3367.378547 3263.629076 3586.219836 3125.941803 3060.446952 3712.647109 2856.753376 2780.383428 2662.865347 3865.068984 3968.954833 2379.007605 2259.453160 2224.092083 2127.483288 2077.733648 1941.105676 4177.830436 4272.039040 4363.478402 1704.119470 4727.759350 0.005023155509 1183.822576 1044.509904 0.01957655801 101.7999166 569.9723061 198.5240544 445.1446795 5232.923591 5473.283358 5801.516179 5994.747082 6539.592325 6680.134353 7584.559604 7955.853122 10048.24866 10641.07848 11291.54780 15146.51777 17453.25509 34916.55049 38553.73912 42777.38596 77056.27363 141812.4780 207410.4300 288285.5102 1321418.496
      sorted:	 0.005023155509 0.01957655801 101.7999166 198.5240544 445.1446795 569.9723061 1044.509904 1183.822576 1704.119470 1941.105676 2077.733648 2127.483288 2224.092083 2259.453160 2379.007605 2662.865347 2780.383428 2856.753376 3060.446952 3125.941803 3263.629076 3367.378547 3475.905152 3586.219836 3712.647109 3865.068984 3968.954833 4177.830436 4272.039040 4363.478402 4727.759350 5232.923591 5473.283358 5801.516179 5994.747082 6539.592325 6680.134353 7584.559604 7955.853122 10048.24866 10641.07848 11291.54780 15146.51777 17453.25509 34916.55049 38553.73912 42777.38596 77056.27363 141812.4780 207410.4300 288285.5102 1321418.496
