    unsorted:	 1795.334856 1827.099742 1833.328089 1660.863611 1594.517329 1508.415286 1405.208268 1430.714584 1360.833250 1322.208099 1251.710466 1197.846665 1953.214429 2036.254977 2296.737472 2308.543301 2372.730887 2425.227279 2499.755075 2518.330546 2673.217401 2722.606932 2784.610067 2793.214168 2826.844997 2833.242414 1007.013264 973.9690745 2987.266751 835.8169874 791.8202427 749.8941947 690.9536384 0.005951073172 1.151583290 0.09570409423 442.6894806 132.4529984 312.1023066 3488.400682 4127.020081 5171.602092 6120.021159 10751.10238 15470.08025 30464.10299 34574.62877 47139.37735 61080.43617 193759.5402 281301.8204 418837.2422
      sorted:	 0.005951073172 0.09570409423 1.151583290 132.4529984 312.1023066 442.6894806 690.9536384 749.8941947 791.8202427 835.8169874 973.9690745 1007.013264 1197.846665 1251.710466 1322.208099 1360.833250 1405.208268 1430.714584 1508.415286 1594.517329 1660.863611 1795.334856 1827.099742 1833.328089 1953.214429 2036.254977 2296.737472 2308.543301 2372.730887 2425.227279 2499.755075 2518.330546 2673.217401 2722.606932 2784.610067 2793.214168 2826.844997 2833.242414 2987.266751 3488.400682 4127.020081 5171.602092 6120.021159 10751.10238 15470.08025 30464.10299 34574.62877 47139.37735 61080.43617 193759.5402 281301.8204 418837.2422
