    unsorted:	 3309.543615 3344.557422 3454.084355 3491.011522 3566.416537 3224.336846 3641.281283 2994.917080 2968.888307 2908.877456 3737.375990 2710.306001 2464.366116 2185.749333 2154.033923 2219.932086 2061.289424 2002.162320 1914.796020 1710.906728 1615.952746 1412.323282 4105.034281 4246.421870 4395.853236 4440.523844 1140.031363 1049.928343 0.005052855221 507.1720976 397.2416858 0.01978400116 108.3638542 5062.644033 5243.381948 5337.098278 6523.873222 6579.823529 7686.914174 8666.522399 9667.212946 12827.72270 16583.06934 17572.10898 31087.68357 34833.01592 62148.91076 74292.34979 134450.7064 184066.9770 307524.8306 1067313.980
      sorted:	 0.005052855221 0.01978400116 108.3638542 397.2416858 507.1720976 1049.928343 1140.031363 1412.323282 1615.952746 1710.906728 1914.796020 2002.162320 2061.289424 2154.033923 2185.749333 2219.932086 2464.366116 2710.306001 2908.877456 2968.888307 2994.917080 3224.336846 3309.543615 3344.557422 3454.084355 3491.011522 3566.416537 3641.281283 3737.375990 4105.034281 4246.421870 4395.853236 4440.523844 5062.644033 5243.381948 5337.098278 6523.873222 6579.823529 7686.914174 8666.522399 9667.212946 12827.72270 16583.06934 17572.10898 31087.68357 34833.01592 62148.91076 74292.34979 134450.7064 184066.9770 307524.8306 1067313.980
