    unsorted:	 3595.615278 3529.737274 3328.958853 3240.636508 3189.294222 3841.855198 3925.262887 2851.433642 2731.207911 2527.043512 2572.467806 2361.313732 2192.380433 4201.688644 4297.495082 4336.751608 2039.070193 1739.626373 4732.211747 4991.770095 5241.974761 5385.123082 0.004994623359 1225.902173 1031.721880 840.4932588 617.4987367 114.3105584 485.6611726 230.6627336 0.01920919328 5707.502176 6647.549118 7325.735042 7891.134766 8742.274787 9221.387106 10887.38336 11706.46260 12062.98273 13519.26333 15805.43308 17747.28675 19958.99846 24845.20715 34927.75939 47454.00635 95512.06814 146800.2659 220011.7778 291058.0956 2069566.678
      sorted:	 0.004994623359 0.01920919328 114.3105584 230.6627336 485.6611726 617.4987367 840.4932588 1031.721880 1225.902173 1739.626373 2039.070193 2192.380433 2361.313732 2527.043512 2572.467806 2731.207911 2851.433642 3189.294222 3240.636508 3328.958853 3529.737274 3595.615278 3841.855198 3925.262887 4201.688644 4297.495082 4336.751608 4732.211747 4991.770095 5241.974761 5385.123082 5707.502176 6647.549118 7325.735042 7891.134766 8742.274787 9221.387106 10887.38336 11706.46260 12062.98273 13519.26333 15805.43308 17747.28675 19958.99846 24845.20715 34927.75939 47454.00635 95512.06814 146800.2659 220011.7778 291058.0956 2069566.678
