    unsorted:	 3475.905148 3367.378542 3263.629073 3586.219841 3125.941818 3060.446952 3712.647117 2856.753372 2780.383426 2662.865351 3865.068987 3968.954829 2379.007650 2259.453174 2224.092092 2127.483289 2077.733648 1941.105678 4177.830443 4272.039034 4363.478407 1704.119470 4727.759346 0.005021011791 1183.822659 1044.510262 0.01958263119 101.7973280 569.9723089 198.5240578 445.1446799 5232.923750 5473.283389 5801.516248 5994.747108 6539.592330 6680.134358 7584.559691 7955.853128 10048.25021 10641.07907 11291.54781 15146.51779 17453.24467 34916.55049 38553.73823 42777.38590 77056.26924 141812.4565 207410.4282 288285.5097 1321418.495
      sorted:	 0.005021011791 0.01958263119 101.7973280 198.5240578 445.1446799 569.9723089 1044.510262 1183.822659 1704.119470 1941.105678 2077.733648 2127.483289 2224.092092 2259.453174 2379.007650 2662.865351 2780.383426 2856.753372 3060.446952 3125.941818 3263.629073 3367.378542 3475.905148 3586.219841 3712.647117 3865.068987 3968.954829 4177.830443 4272.039034 4363.478407 4727.759346 5232.923750 5473.283389 5801.516248 5994.747108 6539.592330 6680.134358 7584.559691 7955.853128 10048.25021 10641.07907 11291.54781 15146.51779 17453.24467 34916.55049 38553.73823 42777.38590 77056.26924 141812.4565 207410.4282 288285.5097 1321418.495
