    unsorted:	 3475.905143 3367.378534 3263.629065 3586.219800 3125.941762 3060.446938 3712.647064 2856.753371 2780.383414 2662.865339 3865.068953 3968.954818 2379.007477 2259.453113 2224.092059 2127.483283 2077.733640 1941.105670 4177.830396 4272.039027 4363.478374 1704.119467 4727.759333 0.005023517239 1183.822319 1044.508752 0.01955816880 101.7966739 569.9723046 198.5240591 445.1446782 5232.923163 5473.283257 5801.515929 5994.746968 6539.592099 6680.134059 7584.559320 7955.853071 10048.24395 10641.07616 11291.54766 15146.51770 17453.28246 34916.55049 38553.74145 42777.38585 77056.28398 141812.5318 207410.4345 288285.5114 1321418.493
      sorted:	 0.005023517239 0.01955816880 101.7966739 198.5240591 445.1446782 569.9723046 1044.508752 1183.822319 1704.119467 1941.105670 2077.733640 2127.483283 2224.092059 2259.453113 2379.007477 2662.865339 2780.383414 2856.753371 3060.446938 3125.941762 3263.629065 3367.378534 3475.905143 3586.219800 3712.647064 3865.068953 3968.954818 4177.830396 4272.039027 4363.478374 4727.759333 5232.923163 5473.283257 5801.515929 5994.746968 6539.592099 6680.134059 7584.559320 7955.853071 10048.24395 10641.07616 11291.54766 15146.51770 17453.28246 34916.55049 38553.74145 42777.38585 77056.28398 141812.5318 207410.4345 288285.5114 1321418.493
