    unsorted:	 2243.105430 2256.597748 2211.188263 2464.987764 2580.288072 2754.410061 2046.157874 3159.530612 3251.754650 3282.422342 3567.603892 1747.294357 4079.736905 3926.745269 4216.639887 4360.772218 4899.256777 5095.819968 0.004996584456 1231.285280 1033.381358 0.01963179945 641.9189493 491.3015296 5486.348509 5550.488362 6114.365514 6798.853663 6895.807886 6986.329564 7957.217458 8205.623707 8602.759343 9707.873333 10559.13115 11989.96915 13242.55149 14801.20402 18007.26583 18112.78873 21435.64981 22510.53736 27897.59598 34987.41826 47097.80515 48677.05933 81390.98307 116508.0976 151506.4007 202221.7991 304326.0228 2387438.319
      sorted:	 0.004996584456 0.01963179945 491.3015296 641.9189493 1033.381358 1231.285280 1747.294357 2046.157874 2211.188263 2243.105430 2256.597748 2464.987764 2580.288072 2754.410061 3159.530612 3251.754650 3282.422342 3567.603892 3926.745269 4079.736905 4216.639887 4360.772218 4899.256777 5095.819968 5486.348509 5550.488362 6114.365514 6798.853663 6895.807886 6986.329564 7957.217458 8205.623707 8602.759343 9707.873333 10559.13115 11989.96915 13242.55149 14801.20402 18007.26583 18112.78873 21435.64981 22510.53736 27897.59598 34987.41826 47097.80515 48677.05933 81390.98307 116508.0976 151506.4007 202221.7991 304326.0228 2387438.319
