    unsorted:	 2976.828012 2740.360933 2816.054765 2695.667633 2562.426856 3253.773952 3325.707251 2255.483546 2102.937472 3653.140408 3995.255495 1762.627478 4434.834478 4678.521496 4645.927896 0.004994640720 1253.711989 926.2541988 1066.540265 690.3407916 0.01941508800 543.2887907 5450.693290 5683.641311 5944.624576 6036.197016 7007.969190 7282.132525 8104.193213 8617.175768 9268.541410 10569.05131 11376.76735 12201.80799 13777.85375 14191.14079 15174.21664 16829.78076 17612.75020 18401.60619 20938.91122 22446.02987 26046.47533 33054.60673 34997.02565 49461.35506 82866.66068 116390.5915 155628.1222 207739.6599 306987.9646 2797992.926
      sorted:	 0.004994640720 0.01941508800 543.2887907 690.3407916 926.2541988 1066.540265 1253.711989 1762.627478 2102.937472 2255.483546 2562.426856 2695.667633 2740.360933 2816.054765 2976.828012 3253.773952 3325.707251 3653.140408 3995.255495 4434.834478 4645.927896 4678.521496 5450.693290 5683.641311 5944.624576 6036.197016 7007.969190 7282.132525 8104.193213 8617.175768 9268.541410 10569.05131 11376.76735 12201.80799 13777.85375 14191.14079 15174.21664 16829.78076 17612.75020 18401.60619 20938.91122 22446.02987 26046.47533 33054.60673 34997.02565 49461.35506 82866.66068 116390.5915 155628.1222 207739.6599 306987.9646 2797992.926
