    unsorted:	 3037.444654 3103.245585 3148.898628 2934.784113 2772.143431 3262.981552 2523.651230 2496.799166 2351.816920 2143.062386 2130.371980 2056.429036 1936.101361 3425.718144 3537.722847 1833.237896 3741.672721 3850.130366 1642.757535 1546.478594 4045.536365 4210.066448 4413.604159 4574.646931 913.8460770 1014.287809 1092.802515 485.5592598 592.9053386 0.005047587893 365.9104109 0.01997966759 4826.877407 5186.954208 5485.313509 6789.411335 7464.250329 8224.722264 8898.317385 9458.827387 15724.58051 17401.89664 18308.37492 34984.92615 33150.55905 43110.02323 65358.86603 81655.60344 139076.8988 192933.2642 331831.2330 1124044.164
      sorted:	 0.005047587893 0.01997966759 365.9104109 485.5592598 592.9053386 913.8460770 1014.287809 1092.802515 1546.478594 1642.757535 1833.237896 1936.101361 2056.429036 2130.371980 2143.062386 2351.816920 2496.799166 2523.651230 2772.143431 2934.784113 3037.444654 3103.245585 3148.898628 3262.981552 3425.718144 3537.722847 3741.672721 3850.130366 4045.536365 4210.066448 4413.604159 4574.646931 4826.877407 5186.954208 5485.313509 6789.411335 7464.250329 8224.722264 8898.317385 9458.827387 15724.58051 17401.89664 18308.37492 33150.55905 34984.92615 43110.02323 65358.86603 81655.60344 139076.8988 192933.2642 331831.2330 1124044.164
