    unsorted:	 2635.052010 2619.184946 2669.353363 2580.801425 2468.503189 2349.490334 2276.702737 2801.708755 2861.894894 2904.774718 2046.492579 2115.120887 1985.079217 1884.462541 1862.861343 1788.126933 1493.125583 3015.431696 1605.037159 1570.606415 3225.355081 1369.014371 3353.444991 1199.447760 3499.102842 3561.196224 1110.624051 3753.147940 866.5103407 850.7279762 3859.962842 303.7433173 310.5377800 0.005114047569 498.9815111 127.0593269 0.02059727420 4222.392776 4269.951258 4603.502130 5080.410173 6243.687016 8485.717773 16957.35903 20749.64727 34810.25001 55861.25014 64320.80265 117188.5325 190561.3075 308168.7658 581710.9152
      sorted:	 0.005114047569 0.02059727420 127.0593269 303.7433173 310.5377800 498.9815111 850.7279762 866.5103407 1110.624051 1199.447760 1369.014371 1493.125583 1570.606415 1605.037159 1788.126933 1862.861343 1884.462541 1985.079217 2046.492579 2115.120887 2276.702737 2349.490334 2468.503189 2580.801425 2619.184946 2635.052010 2669.353363 2801.708755 2861.894894 2904.774718 3015.431696 3225.355081 3353.444991 3499.102842 3561.196224 3753.147940 3859.962842 4222.392776 4269.951258 4603.502130 5080.410173 6243.687016 8485.717773 16957.35903 20749.64727 34810.25001 55861.25014 64320.80265 117188.5325 190561.3075 308168.7658 581710.9152
