    unsorted:	 1942.166858 1959.706488 2005.106081 1876.254277 1801.335822 2107.525337 2217.894147 2311.890796 2400.128001 2431.822767 2524.216445 2503.094749 2622.853480 1663.310328 2800.919013 2792.851871 2853.408975 2844.235081 2869.590477 2945.036276 1563.645728 1470.002737 1236.282991 1227.723654 1283.205072 1378.089592 1145.897066 1064.961021 1047.868186 986.3414484 3117.958069 784.1901739 755.2653381 0.005980574124 0.8863556292 0.09501457909 435.5840791 331.1263324 3416.937007 4034.953222 5136.953598 5297.750218 6086.078833 10419.69628 15338.15601 29765.56874 34635.91993 46806.60241 61071.60932 193730.4683 281197.4395 419005.5022
      sorted:	 0.005980574124 0.09501457909 0.8863556292 331.1263324 435.5840791 755.2653381 784.1901739 986.3414484 1047.868186 1064.961021 1145.897066 1227.723654 1236.282991 1283.205072 1378.089592 1470.002737 1563.645728 1663.310328 1801.335822 1876.254277 1942.166858 1959.706488 2005.106081 2107.525337 2217.894147 2311.890796 2400.128001 2431.822767 2503.094749 2524.216445 2622.853480 2792.851871 2800.919013 2844.235081 2853.408975 2869.590477 2945.036276 3117.958069 3416.937007 4034.953222 5136.953598 5297.750218 6086.078833 10419.69628 15338.15601 29765.56874 34635.91993 46806.60241 61071.60932 193730.4683 281197.4395 419005.5022
