    unsorted:	 2489.984147 2492.097788 2421.234104 2604.905493 2611.039885 2645.725009 2800.256352 2794.704195 2813.903121 2848.108904 2287.961128 2277.820391 2090.687104 1963.520575 1922.657459 1847.100099 1822.169630 1799.029051 3004.783227 3126.412084 1570.113185 1492.103446 1431.528096 3257.740773 3290.647135 1258.731105 776.1367423 1017.664577 699.4588580 728.3975728 840.6304902 566.9420390 272.5172021 212.8065136 322.3869967 172.0001144 132.0993599 3738.695531 3903.105027 -50.59040267 4089.913388 4214.726956 5207.179031 17938.46971 34754.03618 64767.46552 73136.60792 204935.9799 300873.5634 440292.4669 -565079.0369 5244792.770
      sorted:	 -565079.0369 -50.59040267 132.0993599 172.0001144 212.8065136 272.5172021 322.3869967 566.9420390 699.4588580 728.3975728 776.1367423 840.6304902 1017.664577 1258.731105 1431.528096 1492.103446 1570.113185 1799.029051 1822.169630 1847.100099 1922.657459 1963.520575 2090.687104 2277.820391 2287.961128 2421.234104 2489.984147 2492.097788 2604.905493 2611.039885 2645.725009 2794.704195 2800.256352 2813.903121 2848.108904 3004.783227 3126.412084 3257.740773 3290.647135 3738.695531 3903.105027 4089.913388 4214.726956 5207.179031 17938.46971 34754.03618 64767.46552 73136.60792 204935.9799 300873.5634 440292.4669 5244792.770
