    unsorted:	 0.08263393339 1125.016716 1081.780442 1033.317744 975.8130044 911.9498930 833.4122137 693.6433118 641.3277178 554.1847022 1560.400919 1575.061691 1733.038012 2183.278371 2281.196478 2363.737234 308.9094453 251.4595828 38.13878978 159.0824373 -59.58780515 2478.224986 2676.274176 2686.391743 2779.028981 3269.728864 3357.357219 3842.940985 4033.647449 4347.033090 4406.973750 4547.120908 4922.759473 5218.164085 5769.818540 6598.033970 7198.120979 7798.385548 8377.088277 9595.272725 10447.18983 14660.48108 15926.04381 33631.50038 42650.12219 60665.55564 71318.53643 238907.7531 319737.1051 791577.4739 -4961703122. 4963290160.
      sorted:	 -4961703122. -59.58780515 0.08263393339 38.13878978 159.0824373 251.4595828 308.9094453 554.1847022 641.3277178 693.6433118 833.4122137 911.9498930 975.8130044 1033.317744 1081.780442 1125.016716 1560.400919 1575.061691 1733.038012 2183.278371 2281.196478 2363.737234 2478.224986 2676.274176 2686.391743 2779.028981 3269.728864 3357.357219 3842.940985 4033.647449 4347.033090 4406.973750 4547.120908 4922.759473 5218.164085 5769.818540 6598.033970 7198.120979 7798.385548 8377.088277 9595.272725 10447.18983 14660.48108 15926.04381 33631.50038 42650.12219 60665.55564 71318.53643 238907.7531 319737.1051 791577.4739 4963290160.
