    unsorted:	 2051.151846 2036.779775 2087.808454 2209.217472 1952.561295 1897.950302 2353.349946 2447.908397 2484.008343 2608.386762 2683.604136 2795.103614 2891.803044 2957.129266 3063.805330 3147.916693 3239.200854 3349.720050 3426.618192 3435.952286 1704.213455 1599.265738 1355.831942 3733.460271 3834.335708 1097.087804 950.8212687 857.6309009 0.005085898200 362.6585117 549.9951677 330.1896594 0.02037584923 76.26374721 163.8561413 4035.201294 4164.784930 4460.926634 5399.797539 5737.557382 6495.343726 6523.425677 7363.648785 13875.31357 23580.93227 34903.25516 37976.90730 66836.96400 125762.6887 201610.3528 301722.2367 639253.5094
      sorted:	 0.005085898200 0.02037584923 76.26374721 163.8561413 330.1896594 362.6585117 549.9951677 857.6309009 950.8212687 1097.087804 1355.831942 1599.265738 1704.213455 1897.950302 1952.561295 2036.779775 2051.151846 2087.808454 2209.217472 2353.349946 2447.908397 2484.008343 2608.386762 2683.604136 2795.103614 2891.803044 2957.129266 3063.805330 3147.916693 3239.200854 3349.720050 3426.618192 3435.952286 3733.460271 3834.335708 4035.201294 4164.784930 4460.926634 5399.797539 5737.557382 6495.343726 6523.425677 7363.648785 13875.31357 23580.93227 34903.25516 37976.90730 66836.96400 125762.6887 201610.3528 301722.2367 639253.5094
