    unsorted:	 2635.052025 2619.184939 2669.353354 2580.801444 2468.503181 2349.490329 2276.702736 2801.708709 2861.894885 2904.774706 2046.492565 2115.120857 1985.079223 1884.462529 1862.861358 1788.126897 1492.633559 3015.431672 1605.037156 1570.606422 3225.355076 1369.014305 3353.444990 1199.447746 3499.102863 3561.196207 1110.624743 3753.147926 866.5103519 850.7280094 3859.962804 303.7486396 0.005128060787 310.5377794 498.9815031 0.02056280836 127.0614191 4222.392790 4269.951196 4603.502108 5080.410299 6243.686932 8485.722737 16957.35906 20749.63713 34810.25002 55861.24989 64320.80227 117188.5153 190561.3078 308168.7650 581710.9078
      sorted:	 0.005128060787 0.02056280836 127.0614191 303.7486396 310.5377794 498.9815031 850.7280094 866.5103519 1110.624743 1199.447746 1369.014305 1492.633559 1570.606422 1605.037156 1788.126897 1862.861358 1884.462529 1985.079223 2046.492565 2115.120857 2276.702736 2349.490329 2468.503181 2580.801444 2619.184939 2635.052025 2669.353354 2801.708709 2861.894885 2904.774706 3015.431672 3225.355076 3353.444990 3499.102863 3561.196207 3753.147926 3859.962804 4222.392790 4269.951196 4603.502108 5080.410299 6243.686932 8485.722737 16957.35906 20749.63713 34810.25002 55861.24989 64320.80227 117188.5153 190561.3078 308168.7650 581710.9078
