    unsorted:	 1515.205021 1513.794824 1458.896292 1452.656327 1478.576892 1403.984266 1414.593539 1595.485290 1621.258912 1845.185514 1827.504736 1786.188879 1903.232305 1945.303317 1974.010081 1272.816431 2123.929840 2176.712800 2278.423202 1092.010224 1056.100824 994.3751307 2380.907749 2415.219520 2517.011449 2575.637070 843.3776278 2720.873949 2787.937273 2799.880205 2849.198695 758.8577815 0.005909412732 1.695834153 0.09838396154 21.46782249 44.95047779 459.4083982 337.8791633 308.0666062 113.1495745 3062.793021 3366.391929 4415.268491 5125.465951 5521.328287 11755.61034 34125.67924 61035.10969 193753.7753 280779.6093 418651.3787
      sorted:	 0.005909412732 0.09838396154 1.695834153 21.46782249 44.95047779 113.1495745 308.0666062 337.8791633 459.4083982 758.8577815 843.3776278 994.3751307 1056.100824 1092.010224 1272.816431 1403.984266 1414.593539 1452.656327 1458.896292 1478.576892 1513.794824 1515.205021 1595.485290 1621.258912 1786.188879 1827.504736 1845.185514 1903.232305 1945.303317 1974.010081 2123.929840 2176.712800 2278.423202 2380.907749 2415.219520 2517.011449 2575.637070 2720.873949 2787.937273 2799.880205 2849.198695 3062.793021 3366.391929 4415.268491 5125.465951 5521.328287 11755.61034 34125.67924 61035.10969 193753.7753 280779.6093 418651.3787
