    unsorted:	 3035.619061 2954.115874 3168.261127 3344.332438 3457.112209 2644.823316 2608.283312 2503.608093 3922.874948 4020.316397 2137.100665 1942.150319 4500.688904 1673.242868 4946.691620 5043.514495 1212.584908 1143.506098 6318.311272 6105.571714 7036.089507 538.2429423 7782.483537 8287.238830 8633.518732 8979.221700 0.005160845196 10728.87804 11820.07780 12877.00272 13020.52238 14668.13606 15023.48920 15627.72253 19681.09511 21195.44468 23791.65465 26286.36705 37096.70719 40568.58544 47637.30514 69253.72391 97313.22941 117719.1964 135875.4901 180118.6698 285425.8669 5216542.017
      sorted:	 0.005160845196 538.2429423 1143.506098 1212.584908 1673.242868 1942.150319 2137.100665 2503.608093 2608.283312 2644.823316 2954.115874 3035.619061 3168.261127 3344.332438 3457.112209 3922.874948 4020.316397 4500.688904 4946.691620 5043.514495 6105.571714 6318.311272 7036.089507 7782.483537 8287.238830 8633.518732 8979.221700 10728.87804 11820.07780 12877.00272 13020.52238 14668.13606 15023.48920 15627.72253 19681.09511 21195.44468 23791.65465 26286.36705 37096.70719 40568.58544 47637.30514 69253.72391 97313.22941 117719.1964 135875.4901 180118.6698 285425.8669 5216542.017
