    unsorted:	 3595.615372 3529.737333 3328.958789 3240.636273 3189.294362 3841.855216 3925.262220 2851.433695 2731.207966 2527.043513 2572.467062 2361.313409 2192.380462 4201.688669 4297.495198 4336.751508 2039.070181 1739.626385 4732.211739 4991.770003 5241.974752 5385.123040 0.005001799162 1225.901653 1031.717788 840.4932534 0.01915320028 114.2694387 617.4987271 230.6627767 485.6611427 5707.502065 6647.546068 7325.733391 7891.136018 8742.274928 9221.383446 10887.38361 11706.45857 12062.96783 13519.26421 15805.43337 17747.35014 19959.04436 24845.21832 34927.75939 47454.00696 95512.14146 146800.5181 220011.7966 291058.1054 2069566.740
      sorted:	 0.005001799162 0.01915320028 114.2694387 230.6627767 485.6611427 617.4987271 840.4932534 1031.717788 1225.901653 1739.626385 2039.070181 2192.380462 2361.313409 2527.043513 2572.467062 2731.207966 2851.433695 3189.294362 3240.636273 3328.958789 3529.737333 3595.615372 3841.855216 3925.262220 4201.688669 4297.495198 4336.751508 4732.211739 4991.770003 5241.974752 5385.123040 5707.502065 6647.546068 7325.733391 7891.136018 8742.274928 9221.383446 10887.38361 11706.45857 12062.96783 13519.26421 15805.43337 17747.35014 19959.04436 24845.21832 34927.75939 47454.00696 95512.14146 146800.5181 220011.7966 291058.1054 2069566.740
