    unsorted:	 2051.151840 2036.779646 2087.808440 2209.217466 1952.561083 1897.950293 2353.349894 2447.908379 2484.008301 2608.386767 2683.604114 2795.103574 2891.803018 2957.129252 3063.805314 3147.916689 3239.200775 3349.720053 3426.618172 3435.952176 1704.213361 1599.265716 1355.831934 3733.459997 3834.335661 1097.082283 950.8210647 857.6308894 0.005086540603 362.6528676 76.27533719 0.02027825949 549.9951659 330.1896610 163.8560819 4035.200746 4164.784902 4460.926586 5399.797499 5737.556497 6495.342314 6523.424327 7363.637219 13875.35625 23581.00148 34903.25516 37976.90767 66836.97273 125762.8902 201610.3556 301722.2374 639253.5095
      sorted:	 0.005086540603 0.02027825949 76.27533719 163.8560819 330.1896610 362.6528676 549.9951659 857.6308894 950.8210647 1097.082283 1355.831934 1599.265716 1704.213361 1897.950293 1952.561083 2036.779646 2051.151840 2087.808440 2209.217466 2353.349894 2447.908379 2484.008301 2608.386767 2683.604114 2795.103574 2891.803018 2957.129252 3063.805314 3147.916689 3239.200775 3349.720053 3426.618172 3435.952176 3733.459997 3834.335661 4035.200746 4164.784902 4460.926586 5399.797499 5737.556497 6495.342314 6523.424327 7363.637219 13875.35625 23581.00148 34903.25516 37976.90767 66836.97273 125762.8902 201610.3556 301722.2374 639253.5095
