    unsorted:	 3035.968853 2963.422765 3178.446212 3311.482733 2787.795087 2634.284978 2481.515581 3985.513686 3919.222785 4183.123741 4501.849518 2120.342600 1936.991286 4893.955626 4988.263031 1660.078819 1205.985483 1146.448104 6108.154061 6166.174675 6908.190471 545.6009137 7408.669677 7880.464852 8542.453549 8757.367815 9234.762891 0.005157421457 11716.75258 12074.45245 13258.41795 13511.03455 14802.72385 15651.99721 17757.96022 20473.88049 22760.45585 25887.51463 36012.12851 40844.52523 42995.77260 48002.31418 83414.19231 102841.0111 124231.1859 137392.9231 201133.1270 301755.0036 5709579.544
      sorted:	 0.005157421457 545.6009137 1146.448104 1205.985483 1660.078819 1936.991286 2120.342600 2481.515581 2634.284978 2787.795087 2963.422765 3035.968853 3178.446212 3311.482733 3919.222785 3985.513686 4183.123741 4501.849518 4893.955626 4988.263031 6108.154061 6166.174675 6908.190471 7408.669677 7880.464852 8542.453549 8757.367815 9234.762891 11716.75258 12074.45245 13258.41795 13511.03455 14802.72385 15651.99721 17757.96022 20473.88049 22760.45585 25887.51463 36012.12851 40844.52523 42995.77260 48002.31418 83414.19231 102841.0111 124231.1859 137392.9231 201133.1270 301755.0036 5709579.544
