    unsorted:	 0.005204725349 0.01569833703 0.02123015808 9.977618416 1495.126819 1831.951092 1865.624800 1801.779764 1922.487006 1955.053271 1489.996909 1570.797429 1431.230806 2190.078786 2265.343001 2312.025122 2423.520955 2493.646260 2564.579224 2611.581190 2648.363709 2703.268790 2810.331033 2815.508480 2865.877683 2873.755487 1275.045153 3053.000527 1103.918333 1017.372530 805.5599771 730.9777367 571.1466660 157.2112605 104.9843750 127.9970577 322.1552355 3266.596055 3318.937747 3357.418942 3800.502624 4052.710302 4231.970726 5274.642520 5989.892450 20457.02003 34748.58909 61038.83204 105868.7328 193647.3797 280466.6429 418739.0965
      sorted:	 0.005204725349 0.01569833703 0.02123015808 9.977618416 104.9843750 127.9970577 157.2112605 322.1552355 571.1466660 730.9777367 805.5599771 1017.372530 1103.918333 1275.045153 1431.230806 1489.996909 1495.126819 1570.797429 1801.779764 1831.951092 1865.624800 1922.487006 1955.053271 2190.078786 2265.343001 2312.025122 2423.520955 2493.646260 2564.579224 2611.581190 2648.363709 2703.268790 2810.331033 2815.508480 2865.877683 2873.755487 3053.000527 3266.596055 3318.937747 3357.418942 3800.502624 4052.710302 4231.970726 5274.642520 5989.892450 20457.02003 34748.58909 61038.83204 105868.7328 193647.3797 280466.6429 418739.0965
