    unsorted:	 2051.151834 2036.779645 2087.808437 2209.217457 1952.561087 1897.950293 2353.349906 2447.908387 2484.008301 2608.386775 2683.604124 2795.103578 2891.803026 2957.129250 3063.805329 3147.916678 3239.200772 3349.720046 3426.618162 3435.952166 1704.213357 1599.265711 1355.831945 3733.460055 3834.335675 1097.082335 950.8210745 857.6308925 0.005086541323 362.6729718 0.02022044304 76.26459068 549.9951697 330.1896664 163.8561350 4035.200758 4164.784909 4460.926645 5399.797527 5737.556587 6495.342439 6523.424470 7363.639262 13875.36614 23581.00446 34903.25516 37976.90765 66836.97434 125762.9077 201610.3560 301722.2378 639253.5152
      sorted:	 0.005086541323 0.02022044304 76.26459068 163.8561350 330.1896664 362.6729718 549.9951697 857.6308925 950.8210745 1097.082335 1355.831945 1599.265711 1704.213357 1897.950293 1952.561087 2036.779645 2051.151834 2087.808437 2209.217457 2353.349906 2447.908387 2484.008301 2608.386775 2683.604124 2795.103578 2891.803026 2957.129250 3063.805329 3147.916678 3239.200772 3349.720046 3426.618162 3435.952166 3733.460055 3834.335675 4035.200758 4164.784909 4460.926645 5399.797527 5737.556587 6495.342439 6523.424470 7363.639262 13875.36614 23581.00446 34903.25516 37976.90765 66836.97434 125762.9077 201610.3560 301722.2378 639253.5152
