    unsorted:	 2752.186299 2770.625928 2840.631248 2876.667185 2644.447135 2621.268256 2517.781155 2466.342549 2994.586817 3045.657846 3076.037429 3132.423437 2406.691825 3192.337057 2085.374059 2113.489013 2047.466407 1987.565220 3449.496637 3524.103320 1808.971043 1748.194186 1670.986374 3695.684900 1565.818327 0.3205043888 4033.835602 4145.524544 1032.514637 861.7328171 4462.229866 560.3401122 231.7515301 350.7382813 25.12856987 -23.16539230 -8.815476034 4686.007585 4914.613571 5393.890017 5742.084960 6873.837665 8337.942656 12004.64140 23236.56268 34726.97681 63476.71747 81891.80887 279335.8908 525724.9570 -2693098.927 3057331.652
      sorted:	 -2693098.927 -23.16539230 -8.815476034 0.3205043888 25.12856987 231.7515301 350.7382813 560.3401122 861.7328171 1032.514637 1565.818327 1670.986374 1748.194186 1808.971043 1987.565220 2047.466407 2085.374059 2113.489013 2406.691825 2466.342549 2517.781155 2621.268256 2644.447135 2752.186299 2770.625928 2840.631248 2876.667185 2994.586817 3045.657846 3076.037429 3132.423437 3192.337057 3449.496637 3524.103320 3695.684900 4033.835602 4145.524544 4462.229866 4686.007585 4914.613571 5393.890017 5742.084960 6873.837665 8337.942656 12004.64140 23236.56268 34726.97681 63476.71747 81891.80887 279335.8908 525724.9570 3057331.652
