    unsorted:	 3309.543639 3344.557435 3454.084373 3491.011538 3566.416521 3224.336849 3641.281301 2994.917093 2968.888319 2908.877460 3737.375969 2710.305992 2464.366109 2185.749323 2154.033893 2219.932152 2061.289408 2002.162319 1914.796037 1710.906723 1615.952748 1412.299802 4105.034300 4246.421923 4395.853333 4440.523897 1140.031598 1049.928583 0.005044224195 507.1720996 397.2416936 0.01977677565 108.3638440 5062.644070 5243.382006 5337.098258 6523.873288 6579.823580 7686.914215 8666.523545 9667.213048 12827.72254 16583.06076 17572.10515 31087.68220 34833.01592 62148.91045 74292.34722 134450.6777 184066.9763 307524.8305 1067313.988
      sorted:	 0.005044224195 0.01977677565 108.3638440 397.2416936 507.1720996 1049.928583 1140.031598 1412.299802 1615.952748 1710.906723 1914.796037 2002.162319 2061.289408 2154.033893 2185.749323 2219.932152 2464.366109 2710.305992 2908.877460 2968.888319 2994.917093 3224.336849 3309.543639 3344.557435 3454.084373 3491.011538 3566.416521 3641.281301 3737.375969 4105.034300 4246.421923 4395.853333 4440.523897 5062.644070 5243.382006 5337.098258 6523.873288 6579.823580 7686.914215 8666.523545 9667.213048 12827.72254 16583.06076 17572.10515 31087.68220 34833.01592 62148.91045 74292.34722 134450.6777 184066.9763 307524.8305 1067313.988
