    unsorted:	 3.043669446e-06 0.004959712042 0.02159352575 16659.76288 16412.87970 17097.34116 15571.47403 15248.52533 14982.69323 14712.18836 17736.79775 13901.99843 13212.54394 12617.97518 18882.43946 19684.07553 19927.27940 12017.49395 20867.00999 21139.91728 21848.02797 22555.18527 9366.847043 6757.094210 25364.40357 26587.68499 4929.205816 3606.563425 4067.246201 3147.129892 2549.829425 187.5464130 29215.04985 33949.58614 37574.73461 40611.89101 44359.16786 48950.78914 51166.66719 52488.89334 64808.24832 67813.35776 79652.22702 94455.15555 98122.33049 113085.9568 120392.1763 133790.8580 152224.6371 166811.3367 249123.2105 262726.1107 838646.6771 11286631.60
      sorted:	 3.043669446e-06 0.004959712042 0.02159352575 187.5464130 2549.829425 3147.129892 3606.563425 4067.246201 4929.205816 6757.094210 9366.847043 12017.49395 12617.97518 13212.54394 13901.99843 14712.18836 14982.69323 15248.52533 15571.47403 16412.87970 16659.76288 17097.34116 17736.79775 18882.43946 19684.07553 19927.27940 20867.00999 21139.91728 21848.02797 22555.18527 25364.40357 26587.68499 29215.04985 33949.58614 37574.73461 40611.89101 44359.16786 48950.78914 51166.66719 52488.89334 64808.24832 67813.35776 79652.22702 94455.15555 98122.33049 113085.9568 120392.1763 133790.8580 152224.6371 166811.3367 249123.2105 262726.1107 838646.6771 11286631.60
