    unsorted:	 3475.905114 3367.378624 3263.629173 3586.220643 3125.943259 3060.447429 3712.648386 2856.753437 2780.383831 2662.865789 3865.069641 3968.955233 2379.012234 2259.454676 2224.093074 2127.483344 2077.733650 1941.105775 4177.831567 4272.039239 4363.479160 1704.119475 4727.759650 0.005032646549 1183.830845 1044.545505 0.01934152593 101.8720329 569.9722989 198.5240183 445.1447236 5232.938914 5473.286521 5801.523495 5994.750106 6539.592686 6680.136741 7584.568308 7955.853718 10048.40152 10641.13792 11291.54909 15146.51753 17452.22654 34916.55050 38553.64990 42777.37951 77055.84659 141810.3903 207410.2556 288285.4614 1321418.351
      sorted:	 0.005032646549 0.01934152593 101.8720329 198.5240183 445.1447236 569.9722989 1044.545505 1183.830845 1704.119475 1941.105775 2077.733650 2127.483344 2224.093074 2259.454676 2379.012234 2662.865789 2780.383831 2856.753437 3060.447429 3125.943259 3263.629173 3367.378624 3475.905114 3586.220643 3712.648386 3865.069641 3968.955233 4177.831567 4272.039239 4363.479160 4727.759650 5232.938914 5473.286521 5801.523495 5994.750106 6539.592686 6680.136741 7584.568308 7955.853718 10048.40152 10641.13792 11291.54909 15146.51753 17452.22654 34916.55050 38553.64990 42777.37951 77055.84659 141810.3903 207410.2556 288285.4614 1321418.351
