    unsorted:	 2635.052017 2619.184955 2669.353341 2580.801406 2468.503165 2349.490320 2276.702721 2801.708678 2861.894893 2904.774713 2046.492560 2115.120780 1985.079139 1884.462463 1862.861285 1788.126883 1493.154009 3015.431506 1605.037104 1570.606299 3225.355070 1369.014306 3353.444903 1199.447728 3499.102532 3561.196194 1110.619357 3753.147906 866.5102994 850.7279312 3859.962535 303.7657779 310.5377801 0.005114162442 498.9815059 127.0589624 0.02064783282 4222.392747 4269.951024 4603.501771 5080.407701 6243.686812 8485.712200 16957.35942 20749.72706 34810.25001 55861.24969 64320.80421 117188.6761 190561.3082 308168.7654 581710.9108
      sorted:	 0.005114162442 0.02064783282 127.0589624 303.7657779 310.5377801 498.9815059 850.7279312 866.5102994 1110.619357 1199.447728 1369.014306 1493.154009 1570.606299 1605.037104 1788.126883 1862.861285 1884.462463 1985.079139 2046.492560 2115.120780 2276.702721 2349.490320 2468.503165 2580.801406 2619.184955 2635.052017 2669.353341 2801.708678 2861.894893 2904.774713 3015.431506 3225.355070 3353.444903 3499.102532 3561.196194 3753.147906 3859.962535 4222.392747 4269.951024 4603.501771 5080.407701 6243.686812 8485.712200 16957.35942 20749.72706 34810.25001 55861.24969 64320.80421 117188.6761 190561.3082 308168.7654 581710.9108
