    unsorted:	 2977.398380 2812.760172 2875.083750 2745.081480 2625.007138 3252.524548 3468.346162 3658.576957 2273.365237 2238.755813 4000.098904 4457.471566 1765.281847 4682.911212 0.004994260304 0.01932811392 1292.153668 1146.600059 926.0971776 705.9195573 632.9843675 5443.208833 5691.963171 5802.358103 5956.856070 6065.985320 7033.695422 7401.251552 8123.956650 8649.816642 9325.034198 10780.77584 11416.35591 12187.25523 13832.18538 14494.88493 15164.64496 16957.45723 17645.16326 18431.57779 21010.75341 22515.73230 26170.21026 34988.58110 33203.86803 49535.69901 82950.77794 117481.2296 155874.4530 208028.6042 307075.9825 2840088.976
      sorted:	 0.004994260304 0.01932811392 632.9843675 705.9195573 926.0971776 1146.600059 1292.153668 1765.281847 2238.755813 2273.365237 2625.007138 2745.081480 2812.760172 2875.083750 2977.398380 3252.524548 3468.346162 3658.576957 4000.098904 4457.471566 4682.911212 5443.208833 5691.963171 5802.358103 5956.856070 6065.985320 7033.695422 7401.251552 8123.956650 8649.816642 9325.034198 10780.77584 11416.35591 12187.25523 13832.18538 14494.88493 15164.64496 16957.45723 17645.16326 18431.57779 21010.75341 22515.73230 26170.21026 33203.86803 34988.58110 49535.69901 82950.77794 117481.2296 155874.4530 208028.6042 307075.9825 2840088.976
