    unsorted:	 2958.344048 2906.392446 2977.005158 3031.121272 2805.431939 2742.282320 2662.464605 2551.460051 2525.353029 2443.151479 2419.113423 2303.383804 3100.433654 3166.587781 2220.848549 2028.658574 2039.076356 1971.521847 1879.140756 3385.472953 1699.359772 1661.717185 1449.817803 1546.123966 1434.128093 3507.889660 3709.598190 3798.841150 1131.766740 962.0628699 0.005109092091 4160.714626 560.0058743 35.38228940 0.02021093005 129.1127986 145.5321613 333.6046866 4272.113844 4460.298756 4952.589028 5508.531812 6290.650964 7767.053787 11690.96614 21324.75785 34736.54145 64801.00390 119693.6090 192005.8275 290109.7884 626256.3298
      sorted:	 0.005109092091 0.02021093005 35.38228940 129.1127986 145.5321613 333.6046866 560.0058743 962.0628699 1131.766740 1434.128093 1449.817803 1546.123966 1661.717185 1699.359772 1879.140756 1971.521847 2028.658574 2039.076356 2220.848549 2303.383804 2419.113423 2443.151479 2525.353029 2551.460051 2662.464605 2742.282320 2805.431939 2906.392446 2958.344048 2977.005158 3031.121272 3100.433654 3166.587781 3385.472953 3507.889660 3709.598190 3798.841150 4160.714626 4272.113844 4460.298756 4952.589028 5508.531812 6290.650964 7767.053787 11690.96614 21324.75785 34736.54145 64801.00390 119693.6090 192005.8275 290109.7884 626256.3298
