    unsorted:	 2635.052002 2619.184937 2669.353352 2580.801426 2468.503171 2349.490326 2276.702731 2801.708726 2861.894878 2904.774708 2046.492574 2115.120855 1985.079209 1884.462525 1862.861340 1788.126914 1493.103571 3015.431657 1605.037148 1570.606390 3225.355063 1369.014342 3353.444984 1199.447751 3499.102805 3561.196205 1110.623464 3753.147922 866.5103181 850.7279244 3859.962781 303.6736558 310.5377825 0.005122792045 498.9815027 127.0576816 0.02046176660 4222.392766 4269.951227 4603.502094 5080.409903 6243.686996 8485.722936 16957.35900 20749.66010 34810.25001 55861.24992 64320.80307 117188.5578 190561.3076 308168.7657 581710.9140
      sorted:	 0.005122792045 0.02046176660 127.0576816 303.6736558 310.5377825 498.9815027 850.7279244 866.5103181 1110.623464 1199.447751 1369.014342 1493.103571 1570.606390 1605.037148 1788.126914 1862.861340 1884.462525 1985.079209 2046.492574 2115.120855 2276.702731 2349.490326 2468.503171 2580.801426 2619.184937 2635.052002 2669.353352 2801.708726 2861.894878 2904.774708 3015.431657 3225.355063 3353.444984 3499.102805 3561.196205 3753.147922 3859.962781 4222.392766 4269.951227 4603.502094 5080.409903 6243.686996 8485.722936 16957.35900 20749.66010 34810.25001 55861.24992 64320.80307 117188.5578 190561.3076 308168.7657 581710.9140
