    unsorted:	 1346.550667 1317.545927 1386.501002 1252.528244 1217.596210 1522.350527 1076.236854 1696.477284 974.6638528 1870.391435 1903.026116 2026.684508 852.0423373 707.8583134 619.0712996 544.1647062 536.4982599 2261.549369 2468.206909 2571.248061 2745.845066 2770.922410 117.8731304 3074.366679 3371.937798 3438.725598 3629.206148 -311.1958068 -575.8466951 4307.361795 4930.367032 5490.083942 5604.899528 6185.620449 6840.721904 7612.925811 8588.667109 9742.196942 10822.21406 14338.15228 18938.14141 20949.97147 28631.42075 34684.15189 53106.13492 108336.0266 -150787.9626 154896.5339 212674.9000 282932.7287 1353495.764 2186981.890
      sorted:	 -150787.9626 -575.8466951 -311.1958068 117.8731304 536.4982599 544.1647062 619.0712996 707.8583134 852.0423373 974.6638528 1076.236854 1217.596210 1252.528244 1317.545927 1346.550667 1386.501002 1522.350527 1696.477284 1870.391435 1903.026116 2026.684508 2261.549369 2468.206909 2571.248061 2745.845066 2770.922410 3074.366679 3371.937798 3438.725598 3629.206148 4307.361795 4930.367032 5490.083942 5604.899528 6185.620449 6840.721904 7612.925811 8588.667109 9742.196942 10822.21406 14338.15228 18938.14141 20949.97147 28631.42075 34684.15189 53106.13492 108336.0266 154896.5339 212674.9000 282932.7287 1353495.764 2186981.890
