    unsorted:	 1516.105464 1513.794822 1458.896295 1452.656270 1478.576924 1403.984265 1414.593546 1595.485291 1621.258919 1845.185528 1827.504743 1786.188882 1903.232299 1945.303321 1974.010078 1272.816423 2123.929781 2176.712825 2278.423209 1092.010225 1056.100822 994.3751293 2380.907769 2415.219546 2517.011448 2575.637095 843.3776881 2720.873979 2787.937286 2799.880237 2849.198695 758.8577865 0.005898083533 1.693134527 0.09835960958 21.42990221 44.95889253 459.4083871 337.8791639 308.0666077 113.1496293 3062.793030 3366.391925 4415.268456 5125.465775 5521.329654 11755.60084 34125.67924 61035.10971 193753.7753 280779.6094 418651.3788
      sorted:	 0.005898083533 0.09835960958 1.693134527 21.42990221 44.95889253 113.1496293 308.0666077 337.8791639 459.4083871 758.8577865 843.3776881 994.3751293 1056.100822 1092.010225 1272.816423 1403.984265 1414.593546 1452.656270 1458.896295 1478.576924 1513.794822 1516.105464 1595.485291 1621.258919 1786.188882 1827.504743 1845.185528 1903.232299 1945.303321 1974.010078 2123.929781 2176.712825 2278.423209 2380.907769 2415.219546 2517.011448 2575.637095 2720.873979 2787.937286 2799.880237 2849.198695 3062.793030 3366.391925 4415.268456 5125.465775 5521.329654 11755.60084 34125.67924 61035.10971 193753.7753 280779.6094 418651.3788
