    unsorted:	 3475.905159 3367.378553 3263.629075 3586.219871 3125.941852 3060.446957 3712.647156 2856.753392 2780.383450 2662.865359 3865.069011 3968.954863 2379.007725 2259.453200 2224.092109 2127.483289 2077.733652 1941.105686 4177.830480 4272.039059 4363.478437 1704.119465 4727.759368 0.005019325515 1183.822791 1044.510876 0.01963015417 101.8016509 569.9723008 198.5240595 445.1446814 5232.924006 5473.283460 5801.516398 5994.747182 6539.592779 6680.134492 7584.559873 7955.853165 10048.25277 10641.08025 11291.54795 15146.51782 17453.22905 34916.55049 38553.73688 42777.38592 77056.26280 141812.4245 207410.4255 288285.5089 1321418.499
      sorted:	 0.005019325515 0.01963015417 101.8016509 198.5240595 445.1446814 569.9723008 1044.510876 1183.822791 1704.119465 1941.105686 2077.733652 2127.483289 2224.092109 2259.453200 2379.007725 2662.865359 2780.383450 2856.753392 3060.446957 3125.941852 3263.629075 3367.378553 3475.905159 3586.219871 3712.647156 3865.069011 3968.954863 4177.830480 4272.039059 4363.478437 4727.759368 5232.924006 5473.283460 5801.516398 5994.747182 6539.592779 6680.134492 7584.559873 7955.853165 10048.25277 10641.08025 11291.54795 15146.51782 17453.22905 34916.55049 38553.73688 42777.38592 77056.26280 141812.4245 207410.4255 288285.5089 1321418.499
