    unsorted:	 2051.151843 2036.779712 2087.808446 2209.217470 1952.561173 1897.950303 2353.349925 2447.908390 2484.008326 2608.386788 2683.604128 2795.103598 2891.803033 2957.129266 3063.805338 3147.916695 3239.200813 3349.720058 3426.618189 3435.952212 1704.213403 1599.265725 1355.831939 3733.460164 3834.335696 1097.084749 950.8211632 857.6308815 0.005097464515 362.7312602 549.9951691 76.25823131 330.1896622 0.02027781997 163.8561348 4035.200992 4164.784916 4460.926628 5399.797521 5737.556925 6495.342985 6523.424983 7363.643817 13875.34381 23580.97186 34903.25516 37976.90751 66836.96972 125762.8124 201610.3545 301722.2371 639253.5102
      sorted:	 0.005097464515 0.02027781997 76.25823131 163.8561348 330.1896622 362.7312602 549.9951691 857.6308815 950.8211632 1097.084749 1355.831939 1599.265725 1704.213403 1897.950303 1952.561173 2036.779712 2051.151843 2087.808446 2209.217470 2353.349925 2447.908390 2484.008326 2608.386788 2683.604128 2795.103598 2891.803033 2957.129266 3063.805338 3147.916695 3239.200813 3349.720058 3426.618189 3435.952212 3733.460164 3834.335696 4035.200992 4164.784916 4460.926628 5399.797521 5737.556925 6495.342985 6523.424983 7363.643817 13875.34381 23580.97186 34903.25516 37976.90751 66836.96972 125762.8124 201610.3545 301722.2371 639253.5102
