    unsorted:	 1552.923780 1548.566224 1508.474376 1464.699161 1432.339067 1408.451287 1385.507642 1331.681197 1233.929658 1726.658076 1685.977929 1802.694540 1172.270895 1885.141137 1956.095037 1064.968696 979.0713146 971.4376481 2171.739202 2069.579846 2211.510339 2271.131102 877.7900226 2463.519862 2497.078850 2614.028581 2663.422468 2690.576615 691.3181558 585.3477961 0.005855736552 1.936057146 0.09968731522 41.41145805 41.36386980 14.35002766 112.6475184 464.1432760 308.4439101 256.2635330 2831.620473 3065.849003 3095.997465 3556.944028 4876.287442 5599.647230 12868.47746 33952.53970 61039.33763 193776.6963 280843.2312 418579.0417
      sorted:	 0.005855736552 0.09968731522 1.936057146 14.35002766 41.36386980 41.41145805 112.6475184 256.2635330 308.4439101 464.1432760 585.3477961 691.3181558 877.7900226 971.4376481 979.0713146 1064.968696 1172.270895 1233.929658 1331.681197 1385.507642 1408.451287 1432.339067 1464.699161 1508.474376 1548.566224 1552.923780 1685.977929 1726.658076 1802.694540 1885.141137 1956.095037 2069.579846 2171.739202 2211.510339 2271.131102 2463.519862 2497.078850 2614.028581 2663.422468 2690.576615 2831.620473 3065.849003 3095.997465 3556.944028 4876.287442 5599.647230 12868.47746 33952.53970 61039.33763 193776.6963 280843.2312 418579.0417
