    unsorted:	 0.005206784761 0.01569646387 0.02116400293 9.978132134 1495.039265 1831.951090 1865.624797 1801.779760 1922.487000 1955.053266 1489.996904 1570.797426 1431.230795 2190.078784 2265.342996 2312.025118 2423.520951 2493.646257 2564.579218 2611.581184 2648.363701 2703.268784 2810.331025 2815.508473 2865.877676 2873.755480 1275.045150 3053.000506 1103.916890 1017.372519 805.5600124 730.9777351 571.1466667 157.2219389 104.9850304 127.9970622 322.1552355 3266.596048 3318.937740 3357.418931 3800.502621 4052.710299 4231.970725 5274.642522 5989.890048 20457.04495 34748.58909 61038.83270 105868.7693 193647.3819 280466.6461 418739.1011
      sorted:	 0.005206784761 0.01569646387 0.02116400293 9.978132134 104.9850304 127.9970622 157.2219389 322.1552355 571.1466667 730.9777351 805.5600124 1017.372519 1103.916890 1275.045150 1431.230795 1489.996904 1495.039265 1570.797426 1801.779760 1831.951090 1865.624797 1922.487000 1955.053266 2190.078784 2265.342996 2312.025118 2423.520951 2493.646257 2564.579218 2611.581184 2648.363701 2703.268784 2810.331025 2815.508473 2865.877676 2873.755480 3053.000506 3266.596048 3318.937740 3357.418931 3800.502621 4052.710299 4231.970725 5274.642522 5989.890048 20457.04495 34748.58909 61038.83270 105868.7693 193647.3819 280466.6461 418739.1011
