    unsorted:	 3309.543693 3344.557463 3454.084365 3491.011522 3566.416512 3224.336918 3641.281273 2994.917076 2968.888294 2908.877450 3737.375951 2710.305981 2464.366097 2185.749316 2154.033893 2219.932112 2061.289400 2002.162310 1914.796026 1710.906701 1615.952722 1412.597558 4105.034203 4246.421821 4395.853250 4440.523950 1140.031483 1049.928460 0.005041970833 507.1720988 397.2416913 0.01980074815 108.3638709 5062.643950 5243.381929 5337.098150 6523.873152 6579.823460 7686.913988 8666.522720 9667.212361 12827.72214 16583.06183 17572.10587 31087.68215 34833.01591 62148.91031 74292.34691 134450.6812 184066.9765 307524.8306 1067313.961
      sorted:	 0.005041970833 0.01980074815 108.3638709 397.2416913 507.1720988 1049.928460 1140.031483 1412.597558 1615.952722 1710.906701 1914.796026 2002.162310 2061.289400 2154.033893 2185.749316 2219.932112 2464.366097 2710.305981 2908.877450 2968.888294 2994.917076 3224.336918 3309.543693 3344.557463 3454.084365 3491.011522 3566.416512 3641.281273 3737.375951 4105.034203 4246.421821 4395.853250 4440.523950 5062.643950 5243.381929 5337.098150 6523.873152 6579.823460 7686.913988 8666.522720 9667.212361 12827.72214 16583.06183 17572.10587 31087.68215 34833.01591 62148.91031 74292.34691 134450.6812 184066.9765 307524.8306 1067313.961
