    unsorted:	 2962.623875 3041.897660 3327.533821 3395.575322 3571.763146 2698.428909 2578.087731 2312.583531 2180.800376 2067.840722 1877.154094 1846.641468 3901.839589 4345.105886 1274.532408 4803.288723 1081.977371 5149.671735 5435.756419 5995.302401 441.2783123 6743.061296 7367.016299 0.005205837962 8932.426578 8944.821579 9980.452588 10818.99263 11668.58618 12042.61586 12638.08463 15660.29285 20300.20314 22043.64657 25793.18681 28094.58269 40863.99618 39574.74913 43089.89378 51297.21657 89804.74460 101370.2367 120277.2907 226790.5336 4023507.343
      sorted:	 0.005205837962 441.2783123 1081.977371 1274.532408 1846.641468 1877.154094 2067.840722 2180.800376 2312.583531 2578.087731 2698.428909 2962.623875 3041.897660 3327.533821 3395.575322 3571.763146 3901.839589 4345.105886 4803.288723 5149.671735 5435.756419 5995.302401 6743.061296 7367.016299 8932.426578 8944.821579 9980.452588 10818.99263 11668.58618 12042.61586 12638.08463 15660.29285 20300.20314 22043.64657 25793.18681 28094.58269 39574.74913 40863.99618 43089.89378 51297.21657 89804.74460 101370.2367 120277.2907 226790.5336 4023507.343
