    unsorted:	 2976.828015 2816.054766 2740.360940 2695.667630 2562.426861 3253.773982 3325.707253 2255.483546 2102.937471 3653.140435 3995.255524 1762.627479 4434.834459 4678.521506 4645.927669 0.004996518089 1253.711999 926.2541958 1066.540435 690.3407935 543.2887708 0.01944680192 5450.693318 5683.641338 5944.624693 6036.197041 7007.969293 7282.132698 8104.193280 8617.175904 9268.541432 10569.05166 11376.76748 12201.80852 13777.85382 14191.14126 15174.21730 16829.78085 17612.75001 18401.60617 20938.91003 22446.02570 26046.47515 33054.60647 34997.02565 49461.35502 82866.66095 116390.5901 155628.1078 207739.6590 306987.9641 2797992.924
      sorted:	 0.004996518089 0.01944680192 543.2887708 690.3407935 926.2541958 1066.540435 1253.711999 1762.627479 2102.937471 2255.483546 2562.426861 2695.667630 2740.360940 2816.054766 2976.828015 3253.773982 3325.707253 3653.140435 3995.255524 4434.834459 4645.927669 4678.521506 5450.693318 5683.641338 5944.624693 6036.197041 7007.969293 7282.132698 8104.193280 8617.175904 9268.541432 10569.05166 11376.76748 12201.80852 13777.85382 14191.14126 15174.21730 16829.78085 17612.75001 18401.60617 20938.91003 22446.02570 26046.47515 33054.60647 34997.02565 49461.35502 82866.66095 116390.5901 155628.1078 207739.6590 306987.9641 2797992.924
