    unsorted:	 0.1049355441 0.02721718470 1695.042488 1628.263857 1547.893857 1476.799058 1457.010825 1822.490923 1904.073951 1172.403026 1097.279696 2345.818707 2490.513954 2611.640845 2662.748395 2722.420010 685.6913050 659.6353930 765.4260265 605.8127532 542.8396230 3033.336144 3202.141431 3295.247447 3359.902239 3399.180535 4380.535752 -402.9013019 4656.282819 4912.696208 5032.320148 5769.111044 5594.422734 6277.797070 -1426.270540 6633.837622 7181.900120 7631.802697 8273.820752 8521.578198 10245.87373 11445.37434 12806.99588 14778.99734 19191.73072 34563.93010 43992.14977 61696.17711 129091.6138 198629.0998 268839.4580 1496297.430
      sorted:	 -1426.270540 -402.9013019 0.02721718470 0.1049355441 542.8396230 605.8127532 659.6353930 685.6913050 765.4260265 1097.279696 1172.403026 1457.010825 1476.799058 1547.893857 1628.263857 1695.042488 1822.490923 1904.073951 2345.818707 2490.513954 2611.640845 2662.748395 2722.420010 3033.336144 3202.141431 3295.247447 3359.902239 3399.180535 4380.535752 4656.282819 4912.696208 5032.320148 5594.422734 5769.111044 6277.797070 6633.837622 7181.900120 7631.802697 8273.820752 8521.578198 10245.87373 11445.37434 12806.99588 14778.99734 19191.73072 34563.93010 43992.14977 61696.17711 129091.6138 198629.0998 268839.4580 1496297.430
