    unsorted:	 0.005191973078 0.01553861235 0.02133029858 9.978226061 1495.555599 1831.951087 1865.624806 1801.779752 1922.486983 1955.053266 1489.996900 1570.797426 1431.230784 2190.078796 2265.343000 2312.025131 2423.520962 2493.646248 2564.579235 2611.581200 2648.363680 2703.268795 2810.331045 2815.508458 2865.877698 2873.755501 1275.045151 3053.000475 1103.915635 1017.372508 805.5599381 730.9777312 571.1466683 157.2370741 104.9829710 127.9970324 322.1552355 3266.596067 3318.937755 3357.418939 3800.502636 4052.710316 4231.970741 5274.642527 5989.883456 20457.06436 34748.58909 61038.83509 105868.8007 193647.3896 280466.6576 418739.1176
      sorted:	 0.005191973078 0.01553861235 0.02133029858 9.978226061 104.9829710 127.9970324 157.2370741 322.1552355 571.1466683 730.9777312 805.5599381 1017.372508 1103.915635 1275.045151 1431.230784 1489.996900 1495.555599 1570.797426 1801.779752 1831.951087 1865.624806 1922.486983 1955.053266 2190.078796 2265.343000 2312.025131 2423.520962 2493.646248 2564.579235 2611.581200 2648.363680 2703.268795 2810.331045 2815.508458 2865.877698 2873.755501 3053.000475 3266.596067 3318.937755 3357.418939 3800.502636 4052.710316 4231.970741 5274.642527 5989.883456 20457.06436 34748.58909 61038.83509 105868.8007 193647.3896 280466.6576 418739.1176
