    unsorted:	 1795.334863 1827.099738 1833.328089 1660.863614 1594.517328 1508.415316 1405.208378 1430.715964 1360.836634 1322.208157 1251.710461 1197.846659 1953.214459 2036.254974 2296.737467 2308.543307 2372.730882 2425.227274 2499.755075 2518.330539 2673.217397 2722.606961 2784.610063 2793.214161 2826.844981 2833.242412 1007.013251 973.9690727 2987.266747 835.8169039 791.8185194 749.8938678 690.9536014 0.005949895794 1.152314261 0.09570607489 442.6894795 132.4275259 312.1023070 3488.400674 4127.020047 5171.603330 6120.021064 10751.09927 15470.07977 30464.10309 34574.62876 47139.37621 61080.43617 193759.5402 281301.8203 418837.2422
      sorted:	 0.005949895794 0.09570607489 1.152314261 132.4275259 312.1023070 442.6894795 690.9536014 749.8938678 791.8185194 835.8169039 973.9690727 1007.013251 1197.846659 1251.710461 1322.208157 1360.836634 1405.208378 1430.715964 1508.415316 1594.517328 1660.863614 1795.334863 1827.099738 1833.328089 1953.214459 2036.254974 2296.737467 2308.543307 2372.730882 2425.227274 2499.755075 2518.330539 2673.217397 2722.606961 2784.610063 2793.214161 2826.844981 2833.242412 2987.266747 3488.400674 4127.020047 5171.603330 6120.021064 10751.09927 15470.07977 30464.10309 34574.62876 47139.37621 61080.43617 193759.5402 281301.8203 418837.2422
