    unsorted:	 0.005209998250 0.01582822671 0.02118794329 9.978251520 1495.121323 1831.951092 1865.624797 1801.779764 1922.487009 1955.053272 1489.996911 1570.797430 1431.230812 2190.078773 2265.342997 2312.025116 2423.520948 2493.646263 2564.579210 2611.581181 2648.363707 2703.268776 2810.331026 2815.508484 2865.877670 2873.755473 1275.045153 3053.000535 1103.919026 1017.372535 805.5599685 730.9777378 571.1466664 157.2265883 104.9853255 127.9970421 322.1552358 3266.596041 3318.937734 3357.418935 3800.502611 4052.710292 4231.970712 5274.642503 5989.893324 20457.00833 34748.58909 61038.83231 105868.7175 193647.3806 280466.6442 418739.0984
      sorted:	 0.005209998250 0.01582822671 0.02118794329 9.978251520 104.9853255 127.9970421 157.2265883 322.1552358 571.1466664 730.9777378 805.5599685 1017.372535 1103.919026 1275.045153 1431.230812 1489.996911 1495.121323 1570.797430 1801.779764 1831.951092 1865.624797 1922.487009 1955.053272 2190.078773 2265.342997 2312.025116 2423.520948 2493.646263 2564.579210 2611.581181 2648.363707 2703.268776 2810.331026 2815.508484 2865.877670 2873.755473 3053.000535 3266.596041 3318.937734 3357.418935 3800.502611 4052.710292 4231.970712 5274.642503 5989.893324 20457.00833 34748.58909 61038.83231 105868.7175 193647.3806 280466.6442 418739.0984
