    unsorted:	 2976.828008 2740.360949 2816.054774 2695.667786 2562.427127 3253.773956 3325.707428 2255.483544 2102.937480 3653.140397 3995.255494 1762.627476 4434.834612 4678.521583 4645.928711 0.004997513766 1253.712120 926.2541984 1066.542628 690.3407903 0.01925744554 543.2888200 5450.693327 5683.641298 5944.624566 6036.197010 7007.969414 7282.133908 8104.193209 8617.176187 9268.542264 10569.05423 11376.76873 12201.80997 13777.85350 14191.14516 15174.21795 16829.78073 17612.74847 18401.60640 20938.89945 22445.98650 26046.47342 33054.60590 34997.02565 49461.35484 82866.66054 116390.5829 155627.9860 207739.6521 306987.9617 2797992.923
      sorted:	 0.004997513766 0.01925744554 543.2888200 690.3407903 926.2541984 1066.542628 1253.712120 1762.627476 2102.937480 2255.483544 2562.427127 2695.667786 2740.360949 2816.054774 2976.828008 3253.773956 3325.707428 3653.140397 3995.255494 4434.834612 4645.928711 4678.521583 5450.693327 5683.641298 5944.624566 6036.197010 7007.969414 7282.133908 8104.193209 8617.176187 9268.542264 10569.05423 11376.76873 12201.80997 13777.85350 14191.14516 15174.21795 16829.78073 17612.74847 18401.60640 20938.89945 22445.98650 26046.47342 33054.60590 34997.02565 49461.35484 82866.66054 116390.5829 155627.9860 207739.6521 306987.9617 2797992.923
