    unsorted:	 2051.151849 2036.779710 2087.808433 2209.217459 1952.561171 1897.950277 2353.349922 2447.908399 2484.008323 2608.386788 2683.604138 2795.103621 2891.803030 2957.129269 3063.805351 3147.916689 3239.200806 3349.720058 3426.618173 3435.952208 1704.213392 1599.265722 1355.831943 3733.460201 3834.335706 1097.084850 950.8211625 857.6309698 0.005094307386 362.5818703 549.9951703 0.02025832785 76.27308424 330.1896647 163.8562271 4035.201008 4164.784918 4460.926670 5399.797549 5737.556986 6495.343133 6523.425147 7363.645085 13875.34824 23580.97188 34903.25516 37976.90806 66836.97047 125762.8167 201610.3546 301722.2374 639253.5144
      sorted:	 0.005094307386 0.02025832785 76.27308424 163.8562271 330.1896647 362.5818703 549.9951703 857.6309698 950.8211625 1097.084850 1355.831943 1599.265722 1704.213392 1897.950277 1952.561171 2036.779710 2051.151849 2087.808433 2209.217459 2353.349922 2447.908399 2484.008323 2608.386788 2683.604138 2795.103621 2891.803030 2957.129269 3063.805351 3147.916689 3239.200806 3349.720058 3426.618173 3435.952208 3733.460201 3834.335706 4035.201008 4164.784918 4460.926670 5399.797549 5737.556986 6495.343133 6523.425147 7363.645085 13875.34824 23580.97188 34903.25516 37976.90806 66836.97047 125762.8167 201610.3546 301722.2374 639253.5144
