    unsorted:	 2977.398320 2812.760134 2875.083744 2745.081461 2625.007123 3252.524569 3468.346171 3658.576962 2273.365251 2238.755873 4000.098876 4457.471505 1765.281843 4682.911228 0.004990989556 0.01938903977 1292.153660 1146.601473 926.0971888 705.9195514 632.9843496 5443.208689 5691.963003 5802.355391 5956.856076 6065.985047 7033.695521 7401.252355 8123.956655 8649.816964 9325.034628 10780.77756 11416.35654 12187.25658 13832.18533 14494.88718 15164.64630 16957.45749 17645.16214 18431.57776 21010.74671 22515.70825 26170.20916 34988.58110 33203.86704 49535.69876 82950.77699 117481.2236 155874.3764 208028.5998 307075.9807 2840088.921
      sorted:	 0.004990989556 0.01938903977 632.9843496 705.9195514 926.0971888 1146.601473 1292.153660 1765.281843 2238.755873 2273.365251 2625.007123 2745.081461 2812.760134 2875.083744 2977.398320 3252.524569 3468.346171 3658.576962 4000.098876 4457.471505 4682.911228 5443.208689 5691.963003 5802.355391 5956.856076 6065.985047 7033.695521 7401.252355 8123.956655 8649.816964 9325.034628 10780.77756 11416.35654 12187.25658 13832.18533 14494.88718 15164.64630 16957.45749 17645.16214 18431.57776 21010.74671 22515.70825 26170.20916 33203.86704 34988.58110 49535.69876 82950.77699 117481.2236 155874.3764 208028.5998 307075.9807 2840088.921
