    unsorted:	 1560.575504 1551.883919 1502.141478 1449.544052 1423.389901 1405.764414 1358.702345 1342.391006 1682.400087 1735.265670 1806.036585 1841.132878 1889.090904 1913.667424 1955.848842 2106.122404 2156.718211 2205.039366 2225.949654 1074.962108 1002.929451 975.7890791 2391.713421 2497.654238 2526.438247 2626.951388 2738.922966 2703.061357 854.0451982 2831.793690 698.4162755 679.2773561 0.005890893255 1.741215871 0.09763348979 8.860900457 70.90337704 454.5885168 335.3733618 302.6304021 3054.329420 3122.716999 4286.509432 5473.771476 12097.97989 15604.01824 34132.98483 46724.15296 61056.01032 193754.7655 281282.0745 418614.6618
      sorted:	 0.005890893255 0.09763348979 1.741215871 8.860900457 70.90337704 302.6304021 335.3733618 454.5885168 679.2773561 698.4162755 854.0451982 975.7890791 1002.929451 1074.962108 1342.391006 1358.702345 1405.764414 1423.389901 1449.544052 1502.141478 1551.883919 1560.575504 1682.400087 1735.265670 1806.036585 1841.132878 1889.090904 1913.667424 1955.848842 2106.122404 2156.718211 2205.039366 2225.949654 2391.713421 2497.654238 2526.438247 2626.951388 2703.061357 2738.922966 2831.793690 3054.329420 3122.716999 4286.509432 5473.771476 12097.97989 15604.01824 34132.98483 46724.15296 61056.01032 193754.7655 281282.0745 418614.6618
