    unsorted:	 3309.543649 3344.557426 3454.084369 3491.011538 3566.416515 3224.336850 3641.281311 2994.917086 2968.888317 2908.877463 3737.375967 2710.305992 2464.366107 2185.749328 2154.033896 2219.932093 2061.289415 2002.162320 1914.796019 1710.906726 1615.952752 1412.338513 4105.034326 4246.421879 4395.853257 4440.523903 1140.031362 1049.928337 0.005044760484 507.1720988 397.2416924 0.01976772123 108.3638247 5062.644058 5243.381980 5337.098287 6523.873353 6579.823623 7686.914275 8666.522385 9667.212805 12827.72280 16583.06848 17572.10854 31087.68434 34833.01592 62148.91077 74292.34992 134450.7035 184066.9769 307524.8308 1067313.998
      sorted:	 0.005044760484 0.01976772123 108.3638247 397.2416924 507.1720988 1049.928337 1140.031362 1412.338513 1615.952752 1710.906726 1914.796019 2002.162320 2061.289415 2154.033896 2185.749328 2219.932093 2464.366107 2710.305992 2908.877463 2968.888317 2994.917086 3224.336850 3309.543649 3344.557426 3454.084369 3491.011538 3566.416515 3641.281311 3737.375967 4105.034326 4246.421879 4395.853257 4440.523903 5062.644058 5243.381980 5337.098287 6523.873353 6579.823623 7686.914275 8666.522385 9667.212805 12827.72280 16583.06848 17572.10854 31087.68434 34833.01592 62148.91077 74292.34992 134450.7035 184066.9769 307524.8308 1067313.998
