    unsorted:	 0.005505096626 1250.217291 1152.119360 1170.129338 1047.759896 1309.331723 973.3217706 884.1103047 807.6701800 1497.854143 699.5495236 1691.486148 1863.313370 2081.301817 2154.461397 2240.933065 2513.496408 272.2217338 8.921583828 2816.983127 2894.618665 3232.755478 -139.0162774 -479.7573749 3606.628492 -782.7705088 -1128.171879 4432.272555 4752.079863 4803.906885 5147.994730 5971.214485 6582.209508 6701.429430 -2786.179358 7735.318502 8313.222858 8574.113880 10251.43282 12196.32074 16401.13211 16996.13351 19464.51563 21729.22841 34185.28171 48663.05052 112769.4206 187122.7883 323070.7891 -634982.9351 3382693835. -3383486247.
      sorted:	 -3383486247. -634982.9351 -2786.179358 -1128.171879 -782.7705088 -479.7573749 -139.0162774 0.005505096626 8.921583828 272.2217338 699.5495236 807.6701800 884.1103047 973.3217706 1047.759896 1152.119360 1170.129338 1250.217291 1309.331723 1497.854143 1691.486148 1863.313370 2081.301817 2154.461397 2240.933065 2513.496408 2816.983127 2894.618665 3232.755478 3606.628492 4432.272555 4752.079863 4803.906885 5147.994730 5971.214485 6582.209508 6701.429430 7735.318502 8313.222858 8574.113880 10251.43282 12196.32074 16401.13211 16996.13351 19464.51563 21729.22841 34185.28171 48663.05052 112769.4206 187122.7883 323070.7891 3382693835.
