    unsorted:	 3309.543658 3344.557443 3454.084377 3491.011544 3566.416520 3224.336851 3641.281303 2994.917091 2968.888319 2908.877465 3737.375974 2710.305991 2464.366120 2185.749328 2154.033912 2219.932164 2061.289406 2002.162324 1914.796040 1710.906724 1615.952747 1412.469964 4105.034296 4246.421933 4395.853350 4440.523907 1140.031673 1049.928665 0.005043874416 507.1720997 397.2416915 0.01981601783 108.3638490 5062.644082 5243.382022 5337.098266 6523.873291 6579.823577 7686.914228 8666.523961 9667.213250 12827.72250 16583.05884 17572.10424 31087.68144 34833.01592 62148.91033 74292.34648 134450.6706 184066.9761 307524.8304 1067313.986
      sorted:	 0.005043874416 0.01981601783 108.3638490 397.2416915 507.1720997 1049.928665 1140.031673 1412.469964 1615.952747 1710.906724 1914.796040 2002.162324 2061.289406 2154.033912 2185.749328 2219.932164 2464.366120 2710.305991 2908.877465 2968.888319 2994.917091 3224.336851 3309.543658 3344.557443 3454.084377 3491.011544 3566.416520 3641.281303 3737.375974 4105.034296 4246.421933 4395.853350 4440.523907 5062.644082 5243.382022 5337.098266 6523.873291 6579.823577 7686.914228 8666.523961 9667.213250 12827.72250 16583.05884 17572.10424 31087.68144 34833.01592 62148.91033 74292.34648 134450.6706 184066.9761 307524.8304 1067313.986
