    unsorted:	 1522.766710 2058.541068 1940.070385 1904.178360 1975.510710 1874.659608 1847.169749 2077.102704 1767.994686 2164.028683 2202.284034 2238.594809 2295.666956 1658.882918 1601.860857 1514.787409 1455.730559 1448.774834 1408.265899 1387.485933 2434.255991 2482.303131 2518.213736 2527.379210 1112.094986 1060.281767 1000.613769 2731.421449 2851.110521 2802.669826 824.4458814 760.5701968 2956.032426 0.005909176508 1.467650612 0.09692673873 444.3851754 379.1633911 322.0044815 45.83805838 3367.362269 4101.787559 5156.536918 5409.621521 11297.97560 15416.87211 34258.26649 46176.53680 61048.27685 193730.3185 281203.9040 418756.4933
      sorted:	 0.005909176508 0.09692673873 1.467650612 45.83805838 322.0044815 379.1633911 444.3851754 760.5701968 824.4458814 1000.613769 1060.281767 1112.094986 1387.485933 1408.265899 1448.774834 1455.730559 1514.787409 1522.766710 1601.860857 1658.882918 1767.994686 1847.169749 1874.659608 1904.178360 1940.070385 1975.510710 2058.541068 2077.102704 2164.028683 2202.284034 2238.594809 2295.666956 2434.255991 2482.303131 2518.213736 2527.379210 2731.421449 2802.669826 2851.110521 2956.032426 3367.362269 4101.787559 5156.536918 5409.621521 11297.97560 15416.87211 34258.26649 46176.53680 61048.27685 193730.3185 281203.9040 418756.4933
