    unsorted:	 3309.544505 3344.529725 3454.063340 3491.002662 3566.412405 3224.333564 3641.272094 2994.902280 2968.881620 2908.875614 3737.375759 2710.309096 2464.354738 2185.751910 2154.033280 2219.834228 2061.289099 2002.155146 1914.761599 1710.906654 1615.952835 1413.248927 4105.035259 4246.350025 4395.729896 4440.519649 1139.602732 1049.460343 0.005033827218 507.1719563 397.2404927 0.01984271172 108.3640878 5062.580307 5243.302097 5337.065081 6523.868884 6579.811635 7686.830717 8664.097910 9666.184247 12827.83850 16593.67876 17577.25880 31090.78934 34833.01593 62149.23838 74295.65787 134486.9941 184067.9269 307525.1034 1067315.096
      sorted:	 0.005033827218 0.01984271172 108.3640878 397.2404927 507.1719563 1049.460343 1139.602732 1413.248927 1615.952835 1710.906654 1914.761599 2002.155146 2061.289099 2154.033280 2185.751910 2219.834228 2464.354738 2710.309096 2908.875614 2968.881620 2994.902280 3224.333564 3309.544505 3344.529725 3454.063340 3491.002662 3566.412405 3641.272094 3737.375759 4105.035259 4246.350025 4395.729896 4440.519649 5062.580307 5243.302097 5337.065081 6523.868884 6579.811635 7686.830717 8664.097910 9666.184247 12827.83850 16593.67876 17577.25880 31090.78934 34833.01593 62149.23838 74295.65787 134486.9941 184067.9269 307525.1034 1067315.096
