    unsorted:	 4.548236940 11.33141251 62.05509886 -38.11763174 -44.35782050 -7.499860704 89.92451870 147.4373418 -164.4577261 -175.7239593 -183.2870155 -194.4694237 232.3830840 269.7998888 370.2488170 412.5454756 433.3784417 477.9104770 692.4579793 -451.3665683 876.1384971 1177.450704 1203.817709 1247.909180 1278.138803 1405.517457 1458.821677 1477.098331 -566.1660832 1875.876289 1779.443108 1847.156427 1948.567959 2011.529962 2050.924813 2277.784248 2478.504942 2763.729678 3383.406044 3499.428081 3644.580240 4393.158750 -2948.263873 7989.535192 30395.72423 51887.24511 58024.47452 178952.4320 287506.2045 439715.3805 2878066776. -2878146602.
      sorted:	 -2878146602. -2948.263873 -566.1660832 -451.3665683 -194.4694237 -183.2870155 -175.7239593 -164.4577261 -44.35782050 -38.11763174 -7.499860704 4.548236940 11.33141251 62.05509886 89.92451870 147.4373418 232.3830840 269.7998888 370.2488170 412.5454756 433.3784417 477.9104770 692.4579793 876.1384971 1177.450704 1203.817709 1247.909180 1278.138803 1405.517457 1458.821677 1477.098331 1779.443108 1847.156427 1875.876289 1948.567959 2011.529962 2050.924813 2277.784248 2478.504942 2763.729678 3383.406044 3499.428081 3644.580240 4393.158750 7989.535192 30395.72423 51887.24511 58024.47452 178952.4320 287506.2045 439715.3805 2878066776.
