    unsorted:	 2976.828011 2740.360935 2816.054767 2695.667657 2562.426900 3253.773953 3325.707282 2255.483547 2102.937473 3653.140407 3995.255494 1762.627479 4434.834492 4678.521507 4645.927984 0.004996290611 1253.712012 926.2541983 1066.540682 690.3407905 0.01937039802 543.2887916 5450.693296 5683.641310 5944.624579 6036.197014 7007.969230 7282.132775 8104.193217 8617.175846 9268.541608 10569.05184 11376.76758 12201.80835 13777.85370 14191.14157 15174.21687 16829.78077 17612.74991 18401.60625 20938.90916 22446.02233 26046.47498 33054.60654 34997.02565 49461.35502 82866.66078 116390.5902 155628.0994 207739.6585 306987.9641 2797992.921
      sorted:	 0.004996290611 0.01937039802 543.2887916 690.3407905 926.2541983 1066.540682 1253.712012 1762.627479 2102.937473 2255.483547 2562.426900 2695.667657 2740.360935 2816.054767 2976.828011 3253.773953 3325.707282 3653.140407 3995.255494 4434.834492 4645.927984 4678.521507 5450.693296 5683.641310 5944.624579 6036.197014 7007.969230 7282.132775 8104.193217 8617.175846 9268.541608 10569.05184 11376.76758 12201.80835 13777.85370 14191.14157 15174.21687 16829.78077 17612.74991 18401.60625 20938.90916 22446.02233 26046.47498 33054.60654 34997.02565 49461.35502 82866.66078 116390.5902 155628.0994 207739.6585 306987.9641 2797992.921
