    unsorted:	 2635.052026 2619.184943 2669.353367 2580.801437 2468.503193 2349.490341 2276.702739 2801.708735 2861.894878 2904.774720 2046.492576 2115.120873 1985.079217 1884.462525 1862.861342 1788.126914 1493.035773 3015.431690 1605.037162 1570.606411 3225.355073 1369.014330 3353.444979 1199.447759 3499.102846 3561.196224 1110.624102 3753.147955 866.5103296 850.7279429 3859.962826 303.6408442 310.5377798 0.005136602806 498.9814989 127.0603538 0.02051126381 4222.392786 4269.951242 4603.502129 5080.410102 6243.686986 8485.716827 16957.35885 20749.64530 34810.25000 55861.24986 64320.80253 117188.5317 190561.3075 308168.7657 581710.9142
      sorted:	 0.005136602806 0.02051126381 127.0603538 303.6408442 310.5377798 498.9814989 850.7279429 866.5103296 1110.624102 1199.447759 1369.014330 1493.035773 1570.606411 1605.037162 1788.126914 1862.861342 1884.462525 1985.079217 2046.492576 2115.120873 2276.702739 2349.490341 2468.503193 2580.801437 2619.184943 2635.052026 2669.353367 2801.708735 2861.894878 2904.774720 3015.431690 3225.355073 3353.444979 3499.102846 3561.196224 3753.147955 3859.962826 4222.392786 4269.951242 4603.502129 5080.410102 6243.686986 8485.716827 16957.35885 20749.64530 34810.25000 55861.24986 64320.80253 117188.5317 190561.3075 308168.7657 581710.9142
