    unsorted:	 0.1009293479 3091.162561 3047.729542 3193.869035 2909.911786 2767.328354 2646.925054 2548.035869 2469.590649 3364.670657 3486.133007 3520.693972 3622.314189 2257.938389 2169.472587 1973.830310 1839.362365 1631.832445 3926.334514 1399.524289 1322.241264 1154.195775 950.7251386 894.7711602 763.2938340 697.5075516 4089.583766 4294.214427 378.0714503 268.8805312 205.2424328 4457.971469 -85.24690205 -144.8723192 5016.188116 5271.105878 5708.496059 5899.417285 7677.556789 8179.431713 9010.549953 10239.85053 14624.79504 20222.16131 33751.49583 46523.93670 86988.99469 122108.4626 202569.9229 488449.3938 -5482893.861 6127638.113
      sorted:	 -5482893.861 -144.8723192 -85.24690205 0.1009293479 205.2424328 268.8805312 378.0714503 697.5075516 763.2938340 894.7711602 950.7251386 1154.195775 1322.241264 1399.524289 1631.832445 1839.362365 1973.830310 2169.472587 2257.938389 2469.590649 2548.035869 2646.925054 2767.328354 2909.911786 3047.729542 3091.162561 3193.869035 3364.670657 3486.133007 3520.693972 3622.314189 3926.334514 4089.583766 4294.214427 4457.971469 5016.188116 5271.105878 5708.496059 5899.417285 7677.556789 8179.431713 9010.549953 10239.85053 14624.79504 20222.16131 33751.49583 46523.93670 86988.99469 122108.4626 202569.9229 488449.3938 6127638.113
