    unsorted:	 3475.905168 3367.378561 3263.629096 3586.219886 3125.941894 3060.446987 3712.647173 2856.753387 2780.383468 2662.865361 3865.069023 3968.954883 2379.007891 2259.453235 2224.092091 2127.483274 2077.733650 1941.105684 4177.830499 4272.039030 4363.478443 1704.119464 4727.759377 0.005023994480 1183.823098 1044.512175 0.01957080378 101.7984298 569.9723048 198.5240277 445.1446860 5232.924460 5473.283558 5801.516689 5994.747287 6539.592487 6680.134794 7584.560120 7955.853127 10048.25802 10641.08268 11291.54804 15146.51764 17453.19744 34916.55049 38553.73424 42777.38561 77056.25113 141812.3633 207410.4203 288285.5076 1321418.491
      sorted:	 0.005023994480 0.01957080378 101.7984298 198.5240277 445.1446860 569.9723048 1044.512175 1183.823098 1704.119464 1941.105684 2077.733650 2127.483274 2224.092091 2259.453235 2379.007891 2662.865361 2780.383468 2856.753387 3060.446987 3125.941894 3263.629096 3367.378561 3475.905168 3586.219886 3712.647173 3865.069023 3968.954883 4177.830499 4272.039030 4363.478443 4727.759377 5232.924460 5473.283558 5801.516689 5994.747287 6539.592487 6680.134794 7584.560120 7955.853127 10048.25802 10641.08268 11291.54804 15146.51764 17453.19744 34916.55049 38553.73424 42777.38561 77056.25113 141812.3633 207410.4203 288285.5076 1321418.491
