    unsorted:	 3475.905156 3367.378530 3263.629051 3586.219797 3125.941758 3060.446929 3712.647063 2856.753377 2780.383421 2662.865350 3865.068953 3968.954837 2379.007457 2259.453110 2224.092057 2127.483291 2077.733649 1941.105674 4177.830397 4272.039030 4363.478378 1704.119470 4727.759329 0.005023720688 1183.822275 1044.508545 101.8169113 0.01966324403 198.5240612 569.9723018 445.1446769 5232.923095 5473.283226 5801.515884 5994.746925 6539.592244 6680.133867 7584.559258 7955.853046 10048.24323 10641.07548 11291.54747 15146.51763 17453.28352 34916.55049 38553.74127 42777.38585 77056.28324 141812.5319 207410.4345 288285.5114 1321418.485
      sorted:	 0.005023720688 0.01966324403 101.8169113 198.5240612 445.1446769 569.9723018 1044.508545 1183.822275 1704.119470 1941.105674 2077.733649 2127.483291 2224.092057 2259.453110 2379.007457 2662.865350 2780.383421 2856.753377 3060.446929 3125.941758 3263.629051 3367.378530 3475.905156 3586.219797 3712.647063 3865.068953 3968.954837 4177.830397 4272.039030 4363.478378 4727.759329 5232.923095 5473.283226 5801.515884 5994.746925 6539.592244 6680.133867 7584.559258 7955.853046 10048.24323 10641.07548 11291.54747 15146.51763 17453.28352 34916.55049 38553.74127 42777.38585 77056.28324 141812.5319 207410.4345 288285.5114 1321418.485
