    unsorted:	 3309.543692 3344.557388 3454.084358 3491.011548 3566.416516 3224.336843 3641.281303 2994.917062 2968.888353 2908.877484 3737.375943 2710.306001 2464.366112 2185.749340 2154.033932 2219.932004 2061.289434 2002.162311 1914.795989 1710.906734 1615.952755 1412.331023 4105.034305 4246.421843 4395.853171 4440.523832 1140.031017 1049.927944 0.005050400606 507.1720980 397.2416725 0.01975065451 108.3638346 5062.643991 5243.381948 5337.098214 6523.873334 6579.823592 7686.914177 8666.520262 9667.211403 12827.72292 16583.07448 17572.11165 31087.68639 34833.01593 62148.91043 74292.35117 134450.7262 184066.9772 307524.8312 1067314.000
      sorted:	 0.005050400606 0.01975065451 108.3638346 397.2416725 507.1720980 1049.927944 1140.031017 1412.331023 1615.952755 1710.906734 1914.795989 2002.162311 2061.289434 2154.033932 2185.749340 2219.932004 2464.366112 2710.306001 2908.877484 2968.888353 2994.917062 3224.336843 3309.543692 3344.557388 3454.084358 3491.011548 3566.416516 3641.281303 3737.375943 4105.034305 4246.421843 4395.853171 4440.523832 5062.643991 5243.381948 5337.098214 6523.873334 6579.823592 7686.914177 8666.520262 9667.211403 12827.72292 16583.07448 17572.11165 31087.68639 34833.01593 62148.91043 74292.35117 134450.7262 184066.9772 307524.8312 1067314.000
