    unsorted:	 0.004997969053 -0.5351956845 0.01948565049 2765.180278 2734.624268 2971.445442 3153.955291 3212.791046 2625.391583 3350.230055 3453.169066 2265.103920 2135.865980 3881.172193 1766.683868 4422.815407 4717.122604 1264.471535 1116.142478 554.8657021 612.6028202 5298.973909 5434.751496 5738.508395 5748.103921 5796.020478 6578.199659 7277.080397 7569.263687 8673.788438 9833.015357 11012.43133 11713.04174 12647.64123 14448.65177 15174.08063 15888.19970 17756.30666 18710.17689 21110.55266 22604.12792 28028.97875 34989.03604 32811.57100 49457.32336 81436.79438 101094.5442 154469.8390 208118.0421 306653.6747 2978181.660 805566888.4
      sorted:	 -0.5351956845 0.004997969053 0.01948565049 554.8657021 612.6028202 1116.142478 1264.471535 1766.683868 2135.865980 2265.103920 2625.391583 2734.624268 2765.180278 2971.445442 3153.955291 3212.791046 3350.230055 3453.169066 3881.172193 4422.815407 4717.122604 5298.973909 5434.751496 5738.508395 5748.103921 5796.020478 6578.199659 7277.080397 7569.263687 8673.788438 9833.015357 11012.43133 11713.04174 12647.64123 14448.65177 15174.08063 15888.19970 17756.30666 18710.17689 21110.55266 22604.12792 28028.97875 32811.57100 34989.03604 49457.32336 81436.79438 101094.5442 154469.8390 208118.0421 306653.6747 2978181.660 805566888.4
