    unsorted:	 0.005034685786 0.02691409009 0.1187085484 0.3086515428 2247.900164 2242.552392 2213.549728 2054.443574 2453.682704 2604.509694 2747.923128 3152.256294 3250.525365 3261.537348 1750.107613 3646.308249 3914.587406 4197.758372 4386.615157 4498.463944 1231.767887 4952.039610 5061.401836 5472.884266 568.8504192 779.5386011 465.7350301 5765.894638 6115.543817 6364.429243 6840.920559 7374.140673 8481.573099 9528.380828 10257.54490 11225.84086 12144.19386 12877.57333 13733.61298 15245.58886 18006.55541 18182.31923 22356.75721 27600.93323 34977.70562 49064.43728 78671.74575 81847.78635 129976.4448 201462.7316 302716.1607 2368057.811
      sorted:	 0.005034685786 0.02691409009 0.1187085484 0.3086515428 465.7350301 568.8504192 779.5386011 1231.767887 1750.107613 2054.443574 2213.549728 2242.552392 2247.900164 2453.682704 2604.509694 2747.923128 3152.256294 3250.525365 3261.537348 3646.308249 3914.587406 4197.758372 4386.615157 4498.463944 4952.039610 5061.401836 5472.884266 5765.894638 6115.543817 6364.429243 6840.920559 7374.140673 8481.573099 9528.380828 10257.54490 11225.84086 12144.19386 12877.57333 13733.61298 15245.58886 18006.55541 18182.31923 22356.75721 27600.93323 34977.70562 49064.43728 78671.74575 81847.78635 129976.4448 201462.7316 302716.1607 2368057.811
