    unsorted:	 2635.052008 2619.184931 2669.353359 2580.801437 2468.503189 2349.490333 2276.702736 2801.708770 2861.894874 2904.774714 2046.492583 2115.120906 1985.079226 1884.462556 1862.861346 1788.126930 1492.866256 3015.431720 1605.037167 1570.606423 3225.355057 1369.014376 3353.444996 1199.447763 3499.102889 3561.196202 1110.624802 3753.147923 866.5103148 850.7279011 3859.962869 0.005118242223 303.7102860 0.02059542243 310.5377821 498.9815064 127.0582969 4222.392781 4269.951293 4603.502186 5080.410601 6243.687017 8485.720174 16957.35876 20749.63505 34810.25001 55861.24876 64320.80243 117188.5109 190561.3075 308168.7659 581710.9153
      sorted:	 0.005118242223 0.02059542243 127.0582969 303.7102860 310.5377821 498.9815064 850.7279011 866.5103148 1110.624802 1199.447763 1369.014376 1492.866256 1570.606423 1605.037167 1788.126930 1862.861346 1884.462556 1985.079226 2046.492583 2115.120906 2276.702736 2349.490333 2468.503189 2580.801437 2619.184931 2635.052008 2669.353359 2801.708770 2861.894874 2904.774714 3015.431720 3225.355057 3353.444996 3499.102889 3561.196202 3753.147923 3859.962869 4222.392781 4269.951293 4603.502186 5080.410601 6243.687017 8485.720174 16957.35876 20749.63505 34810.25001 55861.24876 64320.80243 117188.5109 190561.3075 308168.7659 581710.9153
