    unsorted:	 0.005186891545 0.01554050359 0.02120832737 9.977999773 1495.096577 1831.951070 1865.624792 1801.779732 1922.486955 1955.053279 1489.996923 1570.797432 1431.230839 2190.078794 2265.342976 2312.025123 2423.520952 2493.646232 2564.579225 2611.581190 2648.363623 2703.268790 2810.331025 2815.508445 2865.877682 2873.755488 1275.045158 3053.000518 1103.923441 1017.372548 805.5599691 730.9777335 571.1466659 157.2897503 104.9830465 127.9970553 322.1552350 3266.596061 3318.937751 3357.418927 3800.502623 4052.710288 4231.970720 5274.642504 5989.877004 20456.92918 34748.58909 61038.83382 105868.6383 193647.3855 280466.6515 418739.1088
      sorted:	 0.005186891545 0.01554050359 0.02120832737 9.977999773 104.9830465 127.9970553 157.2897503 322.1552350 571.1466659 730.9777335 805.5599691 1017.372548 1103.923441 1275.045158 1431.230839 1489.996923 1495.096577 1570.797432 1801.779732 1831.951070 1865.624792 1922.486955 1955.053279 2190.078794 2265.342976 2312.025123 2423.520952 2493.646232 2564.579225 2611.581190 2648.363623 2703.268790 2810.331025 2815.508445 2865.877682 2873.755488 3053.000518 3266.596061 3318.937751 3357.418927 3800.502623 4052.710288 4231.970720 5274.642504 5989.877004 20456.92918 34748.58909 61038.83382 105868.6383 193647.3855 280466.6515 418739.1088
