    unsorted:	 3803.300097 3839.940038 3773.714363 3747.480338 3533.499857 3360.238336 3335.377515 3191.014927 3007.387140 2776.503402 2669.520872 2269.176548 2226.133572 2407.635210 2108.345204 2087.419982 2033.275754 1929.868503 1705.616938 4139.441153 4273.990931 1613.611587 4441.005581 4546.962340 4655.384291 0.02948713969 1136.533168 1.572862319 5162.307752 456.2901238 399.9079720 587.5836535 26.76095626 5585.801494 5881.864600 6742.994511 7088.765061 7374.210804 8807.110438 9465.273940 13792.90109 14662.86620 -15061.53653 34783.97097 35672.99368 67144.26627 102444.2744 293691.2019 616250.8069 -3634289.087 4393545.457 6697836.851
      sorted:	 -3634289.087 -15061.53653 0.02948713969 1.572862319 26.76095626 399.9079720 456.2901238 587.5836535 1136.533168 1613.611587 1705.616938 1929.868503 2033.275754 2087.419982 2108.345204 2226.133572 2269.176548 2407.635210 2669.520872 2776.503402 3007.387140 3191.014927 3335.377515 3360.238336 3533.499857 3747.480338 3773.714363 3803.300097 3839.940038 4139.441153 4273.990931 4441.005581 4546.962340 4655.384291 5162.307752 5585.801494 5881.864600 6742.994511 7088.765061 7374.210804 8807.110438 9465.273940 13792.90109 14662.86620 34783.97097 35672.99368 67144.26627 102444.2744 293691.2019 616250.8069 4393545.457 6697836.851
