    unsorted:	 0.009016563214 2584.758701 2614.437232 2703.667834 2858.919558 2406.245627 3022.487685 3221.345470 2185.823077 2003.801342 1814.868914 3629.606415 1569.250060 4337.190349 4415.982475 4144.756174 4802.692425 4918.752922 1075.787147 647.0676705 733.0306700 458.4684327 442.8569471 -9.355563522 -40.66907410 111.8812528 5257.396905 5382.492252 5518.202731 -492.8386465 5941.372074 6550.681090 8077.778079 8181.722333 8738.568155 10417.45306 13811.01977 15138.18659 15738.99774 16816.22690 20905.35295 23073.28257 27119.50961 34875.07207 49352.33543 88038.71885 108102.0352 167311.1316 295053.9852 879524.3647 -2599760.162 4122583.202
      sorted:	 -2599760.162 -492.8386465 -40.66907410 -9.355563522 0.009016563214 111.8812528 442.8569471 458.4684327 647.0676705 733.0306700 1075.787147 1569.250060 1814.868914 2003.801342 2185.823077 2406.245627 2584.758701 2614.437232 2703.667834 2858.919558 3022.487685 3221.345470 3629.606415 4144.756174 4337.190349 4415.982475 4802.692425 4918.752922 5257.396905 5382.492252 5518.202731 5941.372074 6550.681090 8077.778079 8181.722333 8738.568155 10417.45306 13811.01977 15138.18659 15738.99774 16816.22690 20905.35295 23073.28257 27119.50961 34875.07207 49352.33543 88038.71885 108102.0352 167311.1316 295053.9852 879524.3647 4122583.202
