    unsorted:	 0.005212821865 0.01569280961 0.02126563279 9.977631994 1495.164968 1831.951095 1865.624807 1801.779765 1922.487008 1955.053277 1489.996913 1570.797432 1431.230813 2190.078788 2265.343006 2312.025126 2423.520959 2493.646264 2564.579231 2611.581196 2648.363710 2703.268796 2810.331043 2815.508484 2865.877690 2873.755492 1275.045156 3053.000536 1103.918973 1017.372535 805.5599664 730.9777379 571.1466657 157.2140644 104.9840240 127.9970544 322.1552359 3266.596064 3318.937753 3357.418950 3800.502628 4052.710307 4231.970731 5274.642523 5989.891615 20457.00817 34748.58909 61038.83200 105868.7191 193647.3796 280466.6427 418739.0963
      sorted:	 0.005212821865 0.01569280961 0.02126563279 9.977631994 104.9840240 127.9970544 157.2140644 322.1552359 571.1466657 730.9777379 805.5599664 1017.372535 1103.918973 1275.045156 1431.230813 1489.996913 1495.164968 1570.797432 1801.779765 1831.951095 1865.624807 1922.487008 1955.053277 2190.078788 2265.343006 2312.025126 2423.520959 2493.646264 2564.579231 2611.581196 2648.363710 2703.268796 2810.331043 2815.508484 2865.877690 2873.755492 3053.000536 3266.596064 3318.937753 3357.418950 3800.502628 4052.710307 4231.970731 5274.642523 5989.891615 20457.00817 34748.58909 61038.83200 105868.7191 193647.3796 280466.6427 418739.0963
