    unsorted:	 3117.325119 2827.210302 2790.923977 2746.848035 3259.324599 3414.503466 2241.286646 2075.681455 2041.653099 4116.917659 4152.852217 4491.190474 1702.469513 1552.345379 4827.564154 4947.129836 5048.451165 5243.717769 1163.493413 1137.415665 5770.982163 6115.741787 6378.940810 468.8951121 517.3827021 6725.609341 6905.911423 0.005171268479 7706.752474 8341.364330 9361.323745 10031.55517 10238.11336 11877.79230 12950.36982 13824.04673 14611.60503 17882.83463 23518.74263 25027.57968 31148.36842 35008.43598 33654.86993 37008.78120 86138.09773 90851.99007 118830.8204 148185.4741 225083.8490 4435104.751
      sorted:	 0.005171268479 468.8951121 517.3827021 1137.415665 1163.493413 1552.345379 1702.469513 2041.653099 2075.681455 2241.286646 2746.848035 2790.923977 2827.210302 3117.325119 3259.324599 3414.503466 4116.917659 4152.852217 4491.190474 4827.564154 4947.129836 5048.451165 5243.717769 5770.982163 6115.741787 6378.940810 6725.609341 6905.911423 7706.752474 8341.364330 9361.323745 10031.55517 10238.11336 11877.79230 12950.36982 13824.04673 14611.60503 17882.83463 23518.74263 25027.57968 31148.36842 33654.86993 35008.43598 37008.78120 86138.09773 90851.99007 118830.8204 148185.4741 225083.8490 4435104.751
