    unsorted:	 3309.543648 3344.557434 3454.084380 3491.011546 3566.416522 3224.336852 3641.281309 2994.917090 2968.888324 2908.877471 3737.375973 2710.305995 2464.366117 2185.749331 2154.033911 2219.932138 2061.289410 2002.162321 1914.796034 1710.906727 4105.034312 1615.952751 1411.962331 4246.421922 4395.853320 4440.523896 1140.031526 1049.928502 0.005044709436 507.1721009 397.2416928 0.01980845958 108.3638505 5062.644071 5243.382011 5337.098255 6523.873305 6579.823597 7686.914228 8666.523133 9667.212867 12827.72263 16583.06203 17572.10572 31087.68258 34833.01592 62148.91026 74292.34744 134450.6820 184066.9763 307524.8305 1067313.992
      sorted:	 0.005044709436 0.01980845958 108.3638505 397.2416928 507.1721009 1049.928502 1140.031526 1411.962331 1615.952751 1710.906727 1914.796034 2002.162321 2061.289410 2154.033911 2185.749331 2219.932138 2464.366117 2710.305995 2908.877471 2968.888324 2994.917090 3224.336852 3309.543648 3344.557434 3454.084380 3491.011546 3566.416522 3641.281309 3737.375973 4105.034312 4246.421922 4395.853320 4440.523896 5062.644071 5243.382011 5337.098255 6523.873305 6579.823597 7686.914228 8666.523133 9667.212867 12827.72263 16583.06203 17572.10572 31087.68258 34833.01592 62148.91026 74292.34744 134450.6820 184066.9763 307524.8305 1067313.992
