    unsorted:	 3309.543655 3344.557463 3454.084397 3491.011554 3566.416534 3224.336856 3641.281309 2994.917106 2968.888330 2908.877471 3737.375982 2710.305998 2464.366137 2185.749330 2154.033914 2219.932254 2061.289415 2002.162331 1914.796078 1710.906728 4105.034291 1615.952747 1411.141557 4246.422011 4395.853474 4440.523922 1140.032010 1049.929004 0.005053865016 507.1720966 397.2416855 0.01976256704 108.3638549 5062.644116 5243.382090 5337.098230 6523.873290 6579.823591 7686.914229 8666.525726 9667.213561 12827.72225 16583.04649 17572.09881 31087.67843 34833.01592 62148.90982 74292.34239 134450.6317 184066.9751 307524.8300 1067313.983
      sorted:	 0.005053865016 0.01976256704 108.3638549 397.2416855 507.1720966 1049.929004 1140.032010 1411.141557 1615.952747 1710.906728 1914.796078 2002.162331 2061.289415 2154.033914 2185.749330 2219.932254 2464.366137 2710.305998 2908.877471 2968.888330 2994.917106 3224.336856 3309.543655 3344.557463 3454.084397 3491.011554 3566.416534 3641.281309 3737.375982 4105.034291 4246.422011 4395.853474 4440.523922 5062.644116 5243.382090 5337.098230 6523.873290 6579.823591 7686.914229 8666.525726 9667.213561 12827.72225 16583.04649 17572.09881 31087.67843 34833.01592 62148.90982 74292.34239 134450.6317 184066.9751 307524.8300 1067313.983
