    unsorted:	 2967.191303 2801.718250 2715.152580 2679.259837 2542.162828 3251.946391 3322.404648 2252.327333 3641.773052 2098.654776 3984.484092 1761.641615 4404.231118 4581.330170 4652.797650 0.004995692640 1252.425048 924.1301095 1063.939507 689.4796831 537.9725982 0.01941846179 5433.755372 5657.913532 5921.199705 6013.862987 6993.878217 7488.340242 8072.224358 8569.544036 8860.324564 10675.56544 11942.50010 12582.32775 13710.18158 14866.43974 15797.81791 16515.40594 17756.34112 18547.23133 20856.31776 22294.39159 30090.06200 32908.61762 34996.89024 50089.90197 83392.01693 118922.0118 154655.3997 209800.3818 304594.1986 3074537.308
      sorted:	 0.004995692640 0.01941846179 537.9725982 689.4796831 924.1301095 1063.939507 1252.425048 1761.641615 2098.654776 2252.327333 2542.162828 2679.259837 2715.152580 2801.718250 2967.191303 3251.946391 3322.404648 3641.773052 3984.484092 4404.231118 4581.330170 4652.797650 5433.755372 5657.913532 5921.199705 6013.862987 6993.878217 7488.340242 8072.224358 8569.544036 8860.324564 10675.56544 11942.50010 12582.32775 13710.18158 14866.43974 15797.81791 16515.40594 17756.34112 18547.23133 20856.31776 22294.39159 30090.06200 32908.61762 34996.89024 50089.90197 83392.01693 118922.0118 154655.3997 209800.3818 304594.1986 3074537.308
