    unsorted:	 1795.334853 1827.099747 1833.328090 1660.863608 1594.517339 1508.415311 1405.208355 1430.715674 1360.835789 1322.208143 1251.710472 1197.846661 1953.214437 2036.254979 2296.737480 2308.543283 2372.730889 2425.227282 2499.755074 2518.330554 2673.217408 2722.606931 2784.610080 2793.214175 2826.845001 2833.242414 1007.013257 973.9690704 2987.266759 835.8169216 791.8187854 749.8938973 690.9536055 0.005949810979 1.151710907 0.09569497719 442.6894819 132.3761457 312.1023061 3488.400691 4127.020139 5171.602500 6120.022257 10751.10639 15470.07989 30464.10159 34574.62876 47139.37596 61080.43618 193759.5402 281301.8204 418837.2422
      sorted:	 0.005949810979 0.09569497719 1.151710907 132.3761457 312.1023061 442.6894819 690.9536055 749.8938973 791.8187854 835.8169216 973.9690704 1007.013257 1197.846661 1251.710472 1322.208143 1360.835789 1405.208355 1430.715674 1508.415311 1594.517339 1660.863608 1795.334853 1827.099747 1833.328090 1953.214437 2036.254979 2296.737480 2308.543283 2372.730889 2425.227282 2499.755074 2518.330554 2673.217408 2722.606931 2784.610080 2793.214175 2826.845001 2833.242414 2987.266759 3488.400691 4127.020139 5171.602500 6120.022257 10751.10639 15470.07989 30464.10159 34574.62876 47139.37596 61080.43618 193759.5402 281301.8204 418837.2422
