    unsorted:	 3309.543677 3344.557325 3454.084292 3491.011520 3566.416520 3224.336844 3641.281270 2994.917024 2968.888287 2908.877469 3737.375952 2710.306019 2464.366074 2185.749351 2154.033917 2219.931703 2061.289415 2002.162294 1914.795897 1710.906732 4105.034319 1615.952752 1410.132101 4246.421600 4395.852772 4440.523886 1140.029619 1049.926435 0.005052875893 507.1720984 397.2416815 0.01985491633 108.3637559 5062.643791 5243.381657 5337.098112 6523.873209 6579.823501 7686.913806 8666.512340 9667.208302 12827.72302 16583.10878 17572.12813 31087.69563 34833.01592 62148.91173 74292.36167 134450.8419 184066.9806 307524.8315 1067313.988
      sorted:	 0.005052875893 0.01985491633 108.3637559 397.2416815 507.1720984 1049.926435 1140.029619 1410.132101 1615.952752 1710.906732 1914.795897 2002.162294 2061.289415 2154.033917 2185.749351 2219.931703 2464.366074 2710.306019 2908.877469 2968.888287 2994.917024 3224.336844 3309.543677 3344.557325 3454.084292 3491.011520 3566.416520 3641.281270 3737.375952 4105.034319 4246.421600 4395.852772 4440.523886 5062.643791 5243.381657 5337.098112 6523.873209 6579.823501 7686.913806 8666.512340 9667.208302 12827.72302 16583.10878 17572.12813 31087.69563 34833.01592 62148.91173 74292.36167 134450.8419 184066.9806 307524.8315 1067313.988
