    unsorted:	 1521.268866 1904.178344 1940.070381 1874.659600 1847.169740 1975.510702 2058.541037 2077.102692 1767.994660 2164.028673 2202.284028 2238.594878 2295.666929 1658.882902 1601.860832 1514.787083 1455.730510 1448.773576 1408.263748 1387.485825 2434.255984 2482.303108 2518.213735 2527.379194 1112.094990 1060.281767 1000.613760 2731.421430 2851.110525 2802.669793 824.4474351 760.5702706 2956.032402 0.005927188285 1.466370961 0.09695997511 444.3851706 379.1633844 322.0044816 45.83698098 3367.362259 4101.787534 5156.537105 5409.620963 11297.97722 15416.87196 34258.26648 46176.53658 61048.27686 193730.3185 281203.9040 418756.4934
      sorted:	 0.005927188285 0.09695997511 1.466370961 45.83698098 322.0044816 379.1633844 444.3851706 760.5702706 824.4474351 1000.613760 1060.281767 1112.094990 1387.485825 1408.263748 1448.773576 1455.730510 1514.787083 1521.268866 1601.860832 1658.882902 1767.994660 1847.169740 1874.659600 1904.178344 1940.070381 1975.510702 2058.541037 2077.102692 2164.028673 2202.284028 2238.594878 2295.666929 2434.255984 2482.303108 2518.213735 2527.379194 2731.421430 2802.669793 2851.110525 2956.032402 3367.362259 4101.787534 5156.537105 5409.620963 11297.97722 15416.87196 34258.26648 46176.53658 61048.27686 193730.3185 281203.9040 418756.4934
