    unsorted:	 0.02823391191 3366.345540 3385.029848 3426.947462 3487.733560 3094.370233 3109.544022 3638.883398 2324.659283 2350.623712 2571.706492 2181.219200 2100.288679 2049.045930 1986.974109 3860.840007 4059.989281 4213.376763 1672.271075 1547.473378 4518.024749 4715.853827 1142.767326 4974.555343 5087.385892 911.1169026 822.0893708 527.4738921 476.3257212 2.411294381 5694.736358 6065.385315 5997.019957 -176.5650967 6875.755233 7569.566757 7928.604174 8352.653399 10065.85271 12948.65886 14938.30642 15072.61619 16399.79654 34784.37788 40562.95229 65252.08122 77106.69026 116540.8392 295106.0762 610057.5495 -3984352.136 4899449.953
      sorted:	 -3984352.136 -176.5650967 0.02823391191 2.411294381 476.3257212 527.4738921 822.0893708 911.1169026 1142.767326 1547.473378 1672.271075 1986.974109 2049.045930 2100.288679 2181.219200 2324.659283 2350.623712 2571.706492 3094.370233 3109.544022 3366.345540 3385.029848 3426.947462 3487.733560 3638.883398 3860.840007 4059.989281 4213.376763 4518.024749 4715.853827 4974.555343 5087.385892 5694.736358 5997.019957 6065.385315 6875.755233 7569.566757 7928.604174 8352.653399 10065.85271 12948.65886 14938.30642 15072.61619 16399.79654 34784.37788 40562.95229 65252.08122 77106.69026 116540.8392 295106.0762 610057.5495 4899449.953
