    unsorted:	 1996.377152 1973.269135 2066.925711 2111.120651 1886.908762 2198.531573 1755.648384 1657.359992 1585.306819 1506.906419 1447.096837 1424.016028 2416.734102 2503.771349 2545.641070 2623.529115 2681.765009 1182.826331 3024.044026 2966.973598 3072.103104 3117.796449 3179.097869 3342.541439 997.4420863 913.3606321 738.9712723 677.4228844 634.0603609 0.008689450349 3472.368226 315.0111553 271.1296054 3617.236985 44.79707580 3815.640241 -321.2718496 4422.607845 4789.262961 5184.744895 -2153.524740 6557.724205 -3886.820680 17765.61898 34006.92619 34611.85277 56713.45476 119853.9718 205796.9209 -234871.9072 326431.0412 618220.1409
      sorted:	 -234871.9072 -3886.820680 -2153.524740 -321.2718496 0.008689450349 44.79707580 271.1296054 315.0111553 634.0603609 677.4228844 738.9712723 913.3606321 997.4420863 1182.826331 1424.016028 1447.096837 1506.906419 1585.306819 1657.359992 1755.648384 1886.908762 1973.269135 1996.377152 2066.925711 2111.120651 2198.531573 2416.734102 2503.771349 2545.641070 2623.529115 2681.765009 2966.973598 3024.044026 3072.103104 3117.796449 3179.097869 3342.541439 3472.368226 3617.236985 3815.640241 4422.607845 4789.262961 5184.744895 6557.724205 17765.61898 34006.92619 34611.85277 56713.45476 119853.9718 205796.9209 326431.0412 618220.1409
