    unsorted:	 0.02237830407 0.02723176486 2814.078428 2767.718154 2718.386894 3405.989570 3270.731808 3647.374976 3676.702694 2367.006760 2131.976707 1863.378694 1814.598913 1307.261028 1267.908830 1435.882002 4249.447649 4410.283413 4684.110187 4774.150741 5064.587606 551.2423480 479.6716409 -83.25647373 6071.601019 7030.354206 7128.412164 7340.499393 7920.560434 11763.31431 12520.86382 12869.92654 13940.53625 15369.90147 15905.63823 -6057.359122 18131.08853 -7915.688418 -8806.115439 22616.45703 31399.83775 34788.57752 35162.70342 44314.88642 49562.90233 96813.96564 137035.9481 -155910.4990 180884.2084 263755.4240 275348.6726 1835991.766
      sorted:	 -155910.4990 -8806.115439 -7915.688418 -6057.359122 -83.25647373 0.02237830407 0.02723176486 479.6716409 551.2423480 1267.908830 1307.261028 1435.882002 1814.598913 1863.378694 2131.976707 2367.006760 2718.386894 2767.718154 2814.078428 3270.731808 3405.989570 3647.374976 3676.702694 4249.447649 4410.283413 4684.110187 4774.150741 5064.587606 6071.601019 7030.354206 7128.412164 7340.499393 7920.560434 11763.31431 12520.86382 12869.92654 13940.53625 15369.90147 15905.63823 18131.08853 22616.45703 31399.83775 34788.57752 35162.70342 44314.88642 49562.90233 96813.96564 137035.9481 180884.2084 263755.4240 275348.6726 1835991.766
