    unsorted:	 0.005111457655 438.9036035 54.92149403 212.6767321 468.1231414 908.0478625 1022.164571 1207.068941 1309.773015 1748.142150 2861.104748 2835.519041 2701.932176 2530.629593 2468.630661 3197.597064 3283.718003 -580.6923199 4167.227529 4627.681856 4809.251977 5274.839998 5817.953358 -1213.072870 6574.337166 6696.248062 7245.198354 7937.450527 8497.555054 8694.177496 9646.235246 10866.21459 -4236.877026 12797.09607 14186.35225 15136.00354 16932.52418 20156.00103 22383.67509 -12257.81070 28435.11770 34599.80547 34799.62710 40448.90557 53260.81609 74065.48845 208647.8981 247451.8190 288353.3624 2913675.731 773808708.8 -773585764.8
      sorted:	 -773585764.8 -12257.81070 -4236.877026 -1213.072870 -580.6923199 0.005111457655 54.92149403 212.6767321 438.9036035 468.1231414 908.0478625 1022.164571 1207.068941 1309.773015 1748.142150 2468.630661 2530.629593 2701.932176 2835.519041 2861.104748 3197.597064 3283.718003 4167.227529 4627.681856 4809.251977 5274.839998 5817.953358 6574.337166 6696.248062 7245.198354 7937.450527 8497.555054 8694.177496 9646.235246 10866.21459 12797.09607 14186.35225 15136.00354 16932.52418 20156.00103 22383.67509 28435.11770 34599.80547 34799.62710 40448.90557 53260.81609 74065.48845 208647.8981 247451.8190 288353.3624 2913675.731 773808708.8
