    unsorted:	 0.005073412398 -1.893012684 -88.82487901 85.53488147 -158.4273868 -168.4676406 207.2862815 366.3783978 383.6374953 496.5974914 -231.9920910 903.4948545 1117.587878 -572.6247551 1566.008759 1703.635429 1743.688872 1906.161339 2066.854335 2165.284601 2379.369122 2589.139337 2735.103388 3004.448255 3102.904654 3163.369072 3268.258764 3848.291137 4056.464540 4405.744912 4495.953674 4872.225192 5283.232385 5651.516418 -3265.965762 7340.203512 7809.072230 9246.565614 12059.53595 13216.52378 16188.67590 18520.81498 23378.16133 31860.14378 35412.61914 57152.38759 76471.31478 171848.6432 266643.6863 1037382.818 -2069412994. 2072036245.
      sorted:	 -2069412994. -3265.965762 -572.6247551 -231.9920910 -168.4676406 -158.4273868 -88.82487901 -1.893012684 0.005073412398 85.53488147 207.2862815 366.3783978 383.6374953 496.5974914 903.4948545 1117.587878 1566.008759 1703.635429 1743.688872 1906.161339 2066.854335 2165.284601 2379.369122 2589.139337 2735.103388 3004.448255 3102.904654 3163.369072 3268.258764 3848.291137 4056.464540 4405.744912 4495.953674 4872.225192 5283.232385 5651.516418 7340.203512 7809.072230 9246.565614 12059.53595 13216.52378 16188.67590 18520.81498 23378.16133 31860.14378 35412.61914 57152.38759 76471.31478 171848.6432 266643.6863 1037382.818 2072036245.
