    unsorted:	 1522.975705 2058.541033 1940.070314 1904.178346 1975.510693 1874.659595 1847.169660 2077.102686 1767.994653 2164.028664 2202.284035 2238.594871 2295.666939 1658.882906 1601.860810 1514.786935 1455.730510 1448.773383 1408.262843 1387.485767 2434.255871 2482.303120 2518.213723 2527.379210 1112.095015 1060.281766 1000.613779 2731.421338 2851.110512 2802.669741 824.4472334 760.5702348 2956.032399 0.005942431587 1.463524358 0.09697917649 444.3851742 379.1633934 322.0044830 45.83816543 3367.362459 4101.787645 5156.537373 5409.616788 11298.01685 15416.87187 34258.26649 46176.53679 61048.27689 193730.3186 281203.9041 418756.4936
      sorted:	 0.005942431587 0.09697917649 1.463524358 45.83816543 322.0044830 379.1633934 444.3851742 760.5702348 824.4472334 1000.613779 1060.281766 1112.095015 1387.485767 1408.262843 1448.773383 1455.730510 1514.786935 1522.975705 1601.860810 1658.882906 1767.994653 1847.169660 1874.659595 1904.178346 1940.070314 1975.510693 2058.541033 2077.102686 2164.028664 2202.284035 2238.594871 2295.666939 2434.255871 2482.303120 2518.213723 2527.379210 2731.421338 2802.669741 2851.110512 2956.032399 3367.362459 4101.787645 5156.537373 5409.616788 11298.01685 15416.87187 34258.26649 46176.53679 61048.27689 193730.3186 281203.9041 418756.4936
