    unsorted:	 2242.610158 2264.676725 2216.850265 2477.062210 2594.700834 2755.340502 2051.115680 3190.842642 3262.777492 3312.087762 3662.048304 1749.459583 3960.329683 4214.650559 4387.912546 4558.019145 4947.788630 5133.293310 0.005029277910 1234.223296 1031.505365 0.01917763801 642.7922560 495.0251886 5534.382869 5810.541379 6170.305223 6804.058810 6961.392232 7121.883822 8053.425775 8565.198487 9620.168277 10610.76013 11858.44495 12442.51074 13618.21774 15038.45901 18047.11830 17801.11928 21347.19861 22743.31998 27529.49202 34984.26676 47728.28858 49232.78839 81841.75091 120416.0376 152114.4613 202679.7661 304041.6190 2364248.586
      sorted:	 0.005029277910 0.01917763801 495.0251886 642.7922560 1031.505365 1234.223296 1749.459583 2051.115680 2216.850265 2242.610158 2264.676725 2477.062210 2594.700834 2755.340502 3190.842642 3262.777492 3312.087762 3662.048304 3960.329683 4214.650559 4387.912546 4558.019145 4947.788630 5133.293310 5534.382869 5810.541379 6170.305223 6804.058810 6961.392232 7121.883822 8053.425775 8565.198487 9620.168277 10610.76013 11858.44495 12442.51074 13618.21774 15038.45901 17801.11928 18047.11830 21347.19861 22743.31998 27529.49202 34984.26676 47728.28858 49232.78839 81841.75091 120416.0376 152114.4613 202679.7661 304041.6190 2364248.586
