    unsorted:	 2051.151857 2036.781564 2087.808487 2209.217535 1952.563848 1897.950330 2353.350413 2447.908508 2484.008613 2608.386618 2683.604147 2795.104048 2891.803061 2957.129287 3063.805414 3147.916611 3239.201702 3349.720036 3426.618304 3435.953402 1704.214807 1599.265999 1355.831931 3733.463997 3834.336055 1097.161015 950.8240796 857.6308652 0.005096911059 362.6786670 549.9951755 0.01995101213 76.32804872 330.1897193 163.8561197 4035.208099 4164.784884 4460.926824 5399.797412 5737.568751 6495.362337 6523.443678 7363.819299 13874.81953 23580.00973 34903.25516 37976.90647 66836.85739 125760.1096 201610.3136 301722.2245 639253.4708
      sorted:	 0.005096911059 0.01995101213 76.32804872 163.8561197 330.1897193 362.6786670 549.9951755 857.6308652 950.8240796 1097.161015 1355.831931 1599.265999 1704.214807 1897.950330 1952.563848 2036.781564 2051.151857 2087.808487 2209.217535 2353.350413 2447.908508 2484.008613 2608.386618 2683.604147 2795.104048 2891.803061 2957.129287 3063.805414 3147.916611 3239.201702 3349.720036 3426.618304 3435.953402 3733.463997 3834.336055 4035.208099 4164.784884 4460.926824 5399.797412 5737.568751 6495.362337 6523.443678 7363.819299 13874.81953 23580.00973 34903.25516 37976.90647 66836.85739 125760.1096 201610.3136 301722.2245 639253.4708
