    unsorted:	 1552.618634 1548.566068 1508.473157 1464.697855 1432.338693 1408.451194 1385.507545 1331.681179 1233.929631 1726.658075 1685.977897 1802.694564 1172.270874 1885.141124 1956.095048 1064.968687 979.0713090 971.4376729 2171.739167 2069.579796 2211.510341 2271.131052 877.7912479 2463.519830 2497.078869 2614.028567 2663.422423 2690.576607 691.3181672 585.3478112 0.005875726769 1.930377528 0.09958232798 41.43259622 41.34883680 14.33465518 112.6475273 464.1432734 308.4439117 256.2635360 2831.620497 3065.848959 3095.997419 3556.943995 4876.287335 5599.649342 12868.47036 33952.53972 61039.33765 193776.6963 280843.2313 418579.0419
      sorted:	 0.005875726769 0.09958232798 1.930377528 14.33465518 41.34883680 41.43259622 112.6475273 256.2635360 308.4439117 464.1432734 585.3478112 691.3181672 877.7912479 971.4376729 979.0713090 1064.968687 1172.270874 1233.929631 1331.681179 1385.507545 1408.451194 1432.338693 1464.697855 1508.473157 1548.566068 1552.618634 1685.977897 1726.658075 1802.694564 1885.141124 1956.095048 2069.579796 2171.739167 2211.510341 2271.131052 2463.519830 2497.078869 2614.028567 2663.422423 2690.576607 2831.620497 3065.848959 3095.997419 3556.943995 4876.287335 5599.649342 12868.47036 33952.53972 61039.33765 193776.6963 280843.2313 418579.0419
