    unsorted:	 3475.905161 3367.378567 3263.629064 3586.219808 3125.941756 3060.446903 2856.753415 2780.383469 3712.647043 2662.865337 3865.068976 3968.954884 2379.007441 2259.453106 2224.092073 2127.483313 2077.733658 1941.105684 4177.830428 4272.039110 4363.478405 1704.119479 4727.759300 0.005023898662 1183.822224 0.01972070168 1044.508296 101.8042337 569.9722981 445.1446793 198.5240318 5232.923042 5473.283264 5801.515912 5994.746918 6539.592036 6680.133797 7584.559337 7955.853098 10048.24251 10641.07519 11291.54769 15146.51775 17453.28844 34916.55048 38553.74189 42777.38607 77056.28511 141812.5410 207410.4354 288285.5118 1321418.507
      sorted:	 0.005023898662 0.01972070168 101.8042337 198.5240318 445.1446793 569.9722981 1044.508296 1183.822224 1704.119479 1941.105684 2077.733658 2127.483313 2224.092073 2259.453106 2379.007441 2662.865337 2780.383469 2856.753415 3060.446903 3125.941756 3263.629064 3367.378567 3475.905161 3586.219808 3712.647043 3865.068976 3968.954884 4177.830428 4272.039110 4363.478405 4727.759300 5232.923042 5473.283264 5801.515912 5994.746918 6539.592036 6680.133797 7584.559337 7955.853098 10048.24251 10641.07519 11291.54769 15146.51775 17453.28844 34916.55048 38553.74189 42777.38607 77056.28511 141812.5410 207410.4354 288285.5118 1321418.507
