    unsorted:	 2958.344054 2906.392439 2977.005194 3031.121320 2805.431949 2742.282352 2662.464629 2551.460062 2525.353083 2443.151526 2419.113575 2303.383819 3100.433752 3166.587840 2220.848625 2028.658614 2039.076433 1971.521857 1879.141204 3385.472976 1699.359952 1661.717266 1450.817305 1546.124034 1434.128223 3507.889900 3709.598256 3798.842139 1131.773310 962.0630364 0.005113398374 4160.714658 560.0058747 35.42644890 0.02026580706 129.1126519 145.5321564 333.6046863 4272.114007 4460.298861 4952.589141 5508.535734 6290.651919 7767.057521 11690.93539 21324.64636 34736.54144 64800.99852 119693.3648 192005.8260 290109.7877 626256.3342
      sorted:	 0.005113398374 0.02026580706 35.42644890 129.1126519 145.5321564 333.6046863 560.0058747 962.0630364 1131.773310 1434.128223 1450.817305 1546.124034 1661.717266 1699.359952 1879.141204 1971.521857 2028.658614 2039.076433 2220.848625 2303.383819 2419.113575 2443.151526 2525.353083 2551.460062 2662.464629 2742.282352 2805.431949 2906.392439 2958.344054 2977.005194 3031.121320 3100.433752 3166.587840 3385.472976 3507.889900 3709.598256 3798.842139 4160.714658 4272.114007 4460.298861 4952.589141 5508.535734 6290.651919 7767.057521 11690.93539 21324.64636 34736.54144 64800.99852 119693.3648 192005.8260 290109.7877 626256.3342
