    unsorted:	 1515.905186 1513.794953 1458.896302 1452.656698 1478.576926 1403.984272 1414.593897 1595.485295 1621.258914 1845.185513 1827.504739 1786.188885 1903.232301 1945.303315 1974.010082 1272.816420 2123.929812 2176.712802 2278.423195 1092.010219 1056.100821 994.3751322 2380.907762 2415.219529 2517.011447 2575.637088 843.3771802 2720.873967 2787.937284 2799.880223 2849.198693 758.8577694 0.005897381429 1.693181600 0.09834543606 21.43525145 44.95739893 459.4084010 337.8791653 308.0666082 113.1495646 3062.793033 3366.391939 4415.268481 5125.465880 5521.328685 11755.60735 34125.67924 61035.10970 193753.7753 280779.6094 418651.3788
      sorted:	 0.005897381429 0.09834543606 1.693181600 21.43525145 44.95739893 113.1495646 308.0666082 337.8791653 459.4084010 758.8577694 843.3771802 994.3751322 1056.100821 1092.010219 1272.816420 1403.984272 1414.593897 1452.656698 1458.896302 1478.576926 1513.794953 1515.905186 1595.485295 1621.258914 1786.188885 1827.504739 1845.185513 1903.232301 1945.303315 1974.010082 2123.929812 2176.712802 2278.423195 2380.907762 2415.219529 2517.011447 2575.637088 2720.873967 2787.937284 2799.880223 2849.198693 3062.793033 3366.391939 4415.268481 5125.465880 5521.328685 11755.60735 34125.67924 61035.10970 193753.7753 280779.6094 418651.3788
