    unsorted:	 12.74173236 1185.710447 1151.304156 1134.455821 1033.313309 1257.669553 1575.910287 1550.959414 879.4189695 819.6240037 623.9991399 596.5577424 561.8862538 385.9159799 1746.049960 1827.898431 293.5346225 180.8441220 2093.791799 2381.809812 2635.248294 2838.564591 3001.129210 3032.128589 3114.984668 3180.211118 3306.119986 -173.2117365 -238.8280947 3572.736753 3904.994064 3870.958602 4540.259933 4840.749984 5194.178588 5295.305133 -3692.162921 7354.793370 7796.339515 -6275.722754 24756.03022 33532.35248 34701.62264 -21894.95189 41795.95516 60315.15318 91189.71087 200240.0736 322641.7686 -870082.9150 1564077.164 17.30887380
      sorted:	 -870082.9150 -21894.95189 -6275.722754 -3692.162921 -238.8280947 -173.2117365 12.74173236 17.30887380 180.8441220 293.5346225 385.9159799 561.8862538 596.5577424 623.9991399 819.6240037 879.4189695 1033.313309 1134.455821 1151.304156 1185.710447 1257.669553 1550.959414 1575.910287 1746.049960 1827.898431 2093.791799 2381.809812 2635.248294 2838.564591 3001.129210 3032.128589 3114.984668 3180.211118 3306.119986 3572.736753 3870.958602 3904.994064 4540.259933 4840.749984 5194.178588 5295.305133 7354.793370 7796.339515 24756.03022 33532.35248 34701.62264 41795.95516 60315.15318 91189.71087 200240.0736 322641.7686 1564077.164
