    unsorted:	 3475.905153 3367.378548 3263.629075 3586.219828 3125.941792 3060.446947 3712.647098 2856.753377 2780.383427 2662.865345 3865.068975 3968.954831 2379.007567 2259.453151 2224.092082 2127.483290 2077.733649 1941.105676 4177.830426 4272.039039 4363.478395 1704.119470 4727.759347 0.005023624595 1183.822514 1044.509643 0.01956576084 101.7941634 569.9723072 198.5240508 445.1446776 5232.923475 5473.283333 5801.516116 5994.747056 6539.592321 6680.134333 7584.559540 7955.853115 10048.24753 10641.07805 11291.54777 15146.51776 17453.26292 34916.55049 38553.73975 42777.38601 77056.27685 141812.4941 207410.4312 288285.5105 1321418.495
      sorted:	 0.005023624595 0.01956576084 101.7941634 198.5240508 445.1446776 569.9723072 1044.509643 1183.822514 1704.119470 1941.105676 2077.733649 2127.483290 2224.092082 2259.453151 2379.007567 2662.865345 2780.383427 2856.753377 3060.446947 3125.941792 3263.629075 3367.378548 3475.905153 3586.219828 3712.647098 3865.068975 3968.954831 4177.830426 4272.039039 4363.478395 4727.759347 5232.923475 5473.283333 5801.516116 5994.747056 6539.592321 6680.134333 7584.559540 7955.853115 10048.24753 10641.07805 11291.54777 15146.51776 17453.26292 34916.55049 38553.73975 42777.38601 77056.27685 141812.4941 207410.4312 288285.5105 1321418.495
