    unsorted:	 2955.006836 2795.239683 2707.839954 2664.478833 2521.779371 3247.698888 3311.010018 2247.720145 3607.833159 3929.274679 2085.977503 1759.785200 4274.661680 4474.383930 4622.110346 0.004995969443 0.01947269911 1248.819393 923.6181015 1050.606658 689.0803319 524.8749916 5419.882262 5871.474181 5959.822891 6722.476814 7014.439932 7472.366672 8012.567571 8583.217747 8949.957950 10692.68617 11906.58275 12615.07022 14687.95754 14728.76101 16060.77468 16720.92681 17730.31723 18409.17719 21507.44001 27530.92461 30850.12664 34998.42277 42323.42313 50101.83875 83447.05433 124865.7284 154303.0803 213286.3264 307856.6851 3555430.676
      sorted:	 0.004995969443 0.01947269911 524.8749916 689.0803319 923.6181015 1050.606658 1248.819393 1759.785200 2085.977503 2247.720145 2521.779371 2664.478833 2707.839954 2795.239683 2955.006836 3247.698888 3311.010018 3607.833159 3929.274679 4274.661680 4474.383930 4622.110346 5419.882262 5871.474181 5959.822891 6722.476814 7014.439932 7472.366672 8012.567571 8583.217747 8949.957950 10692.68617 11906.58275 12615.07022 14687.95754 14728.76101 16060.77468 16720.92681 17730.31723 18409.17719 21507.44001 27530.92461 30850.12664 34998.42277 42323.42313 50101.83875 83447.05433 124865.7284 154303.0803 213286.3264 307856.6851 3555430.676
