    unsorted:	 0.009388278435 -35.02655659 -35.46136234 -25.98734426 19.08876314 0.02049176530 -99.37229802 -73.46353828 -139.3677803 -143.9879322 99.65129769 164.0317878 188.7546010 362.3649349 504.7250114 541.0298110 628.4245092 709.2994478 -345.1932440 867.0362997 974.8825881 1069.149106 1221.530180 1262.596894 1318.755450 1435.024566 1562.261848 1643.946585 1708.226414 1915.949319 2082.402236 2087.461693 2153.236929 2394.017433 2499.645126 2544.617356 2583.045042 -813.7722880 3054.209582 3562.400322 3730.456721 3828.715121 3997.363673 4517.583691 9902.323101 29214.10926 65091.45808 205822.6927 312217.5874 480425.1125 -140713353.1 140753738.5
      sorted:	 -140713353.1 -813.7722880 -345.1932440 -143.9879322 -139.3677803 -99.37229802 -73.46353828 -35.46136234 -35.02655659 -25.98734426 0.009388278435 0.02049176530 19.08876314 99.65129769 164.0317878 188.7546010 362.3649349 504.7250114 541.0298110 628.4245092 709.2994478 867.0362997 974.8825881 1069.149106 1221.530180 1262.596894 1318.755450 1435.024566 1562.261848 1643.946585 1708.226414 1915.949319 2082.402236 2087.461693 2153.236929 2394.017433 2499.645126 2544.617356 2583.045042 3054.209582 3562.400322 3730.456721 3828.715121 3997.363673 4517.583691 9902.323101 29214.10926 65091.45808 205822.6927 312217.5874 480425.1125 140753738.5
