    unsorted:	 3328.556224 3323.373503 3232.646474 3404.603326 2933.279097 3000.684901 2778.497455 2702.317328 2530.867329 2497.027733 3600.206969 2272.963112 2179.328419 1951.537328 1884.197039 1675.542200 1599.815032 3879.414556 4332.020636 4490.223097 4578.234403 4862.970557 4949.022854 930.6887751 1103.245250 1021.925751 532.0270842 632.5661664 665.6366224 0.005045448975 382.1244601 0.01956614678 5127.529946 5656.103118 5878.935865 6418.824098 9071.412344 9787.955576 11186.58945 12514.09661 15564.31788 17745.83911 18623.59980 25702.80442 34993.90498 45874.03509 69707.24523 92572.71974 142530.7300 196306.2280 339849.9595 1678908.551
      sorted:	 0.005045448975 0.01956614678 382.1244601 532.0270842 632.5661664 665.6366224 930.6887751 1021.925751 1103.245250 1599.815032 1675.542200 1884.197039 1951.537328 2179.328419 2272.963112 2497.027733 2530.867329 2702.317328 2778.497455 2933.279097 3000.684901 3232.646474 3323.373503 3328.556224 3404.603326 3600.206969 3879.414556 4332.020636 4490.223097 4578.234403 4862.970557 4949.022854 5127.529946 5656.103118 5878.935865 6418.824098 9071.412344 9787.955576 11186.58945 12514.09661 15564.31788 17745.83911 18623.59980 25702.80442 34993.90498 45874.03509 69707.24523 92572.71974 142530.7300 196306.2280 339849.9595 1678908.551
