    unsorted:	 0.005000148444 0.01913360033 119.0741175 2886.239721 2748.479915 2580.212164 2615.485406 2417.345939 2209.415826 3204.866489 3274.004554 3415.255624 3609.522862 3790.980685 2057.547000 1746.985987 4043.527747 4275.272578 4381.131918 4406.080101 1235.889094 1033.204748 898.4698921 612.4831324 238.7124788 499.1198358 4843.108837 4968.208555 5170.921495 5583.086234 5621.997170 5953.077359 7172.450008 7913.143453 8989.134524 11017.12541 11708.65598 12086.03574 12850.52063 14004.76118 14495.24330 16304.40783 19291.45483 21586.79931 26407.83507 34923.29799 49175.16368 109509.7306 148097.1896 222928.0102 292898.0635 2200589.430
      sorted:	 0.005000148444 0.01913360033 119.0741175 238.7124788 499.1198358 612.4831324 898.4698921 1033.204748 1235.889094 1746.985987 2057.547000 2209.415826 2417.345939 2580.212164 2615.485406 2748.479915 2886.239721 3204.866489 3274.004554 3415.255624 3609.522862 3790.980685 4043.527747 4275.272578 4381.131918 4406.080101 4843.108837 4968.208555 5170.921495 5583.086234 5621.997170 5953.077359 7172.450008 7913.143453 8989.134524 11017.12541 11708.65598 12086.03574 12850.52063 14004.76118 14495.24330 16304.40783 19291.45483 21586.79931 26407.83507 34923.29799 49175.16368 109509.7306 148097.1896 222928.0102 292898.0635 2200589.430
