    unsorted:	 0.005205869775 0.01587158734 0.02113807301 9.977541672 1492.689982 1831.951097 1865.624797 1801.779767 1922.487001 1955.053264 1489.996908 1570.797426 2190.078747 2265.342974 2312.025116 2423.520936 2493.646254 2564.579200 2611.581181 2648.363698 2703.268758 2810.331013 2815.508475 2865.877660 2873.755466 1431.230807 1275.045153 3053.000522 3266.596013 3318.937730 3357.418926 1103.918646 1017.372533 805.5599757 730.9777358 157.2226763 104.9830575 127.9970109 571.1466441 322.1552354 3800.502598 4052.710287 4231.970711 5274.642519 5989.892523 20457.01470 34748.58908 61038.83438 105868.7270 193647.3873 280466.6542 418739.1127
      sorted:	 0.005205869775 0.01587158734 0.02113807301 9.977541672 104.9830575 127.9970109 157.2226763 322.1552354 571.1466441 730.9777358 805.5599757 1017.372533 1103.918646 1275.045153 1431.230807 1489.996908 1492.689982 1570.797426 1801.779767 1831.951097 1865.624797 1922.487001 1955.053264 2190.078747 2265.342974 2312.025116 2423.520936 2493.646254 2564.579200 2611.581181 2648.363698 2703.268758 2810.331013 2815.508475 2865.877660 2873.755466 3053.000522 3266.596013 3318.937730 3357.418926 3800.502598 4052.710287 4231.970711 5274.642519 5989.892523 20457.01470 34748.58908 61038.83438 105868.7270 193647.3873 280466.6542 418739.1127
