    unsorted:	 3475.905052 3367.378457 3263.628987 3586.219781 3125.941762 3060.446887 3712.647000 2856.753339 2780.383387 2662.865333 3865.068907 3968.954769 2379.007473 2259.453091 2224.092009 2127.483281 2077.733642 1941.105671 4177.830323 4272.038919 4363.478298 1704.119462 4727.759261 0.005042284770 0.01923280439 101.8040183 1183.822328 1044.508752 198.5240854 569.9722657 445.1446650 5232.923067 5473.283132 5801.515856 5994.746875 6539.592839 6680.133995 7584.559213 7955.852850 10048.24408 10641.07599 11291.54730 15146.51722 17453.28170 34916.55048 38553.74124 42777.38607 77056.28434 141812.5341 207410.4342 288285.5115 1321418.459
      sorted:	 0.005042284770 0.01923280439 101.8040183 198.5240854 445.1446650 569.9722657 1044.508752 1183.822328 1704.119462 1941.105671 2077.733642 2127.483281 2224.092009 2259.453091 2379.007473 2662.865333 2780.383387 2856.753339 3060.446887 3125.941762 3263.628987 3367.378457 3475.905052 3586.219781 3712.647000 3865.068907 3968.954769 4177.830323 4272.038919 4363.478298 4727.759261 5232.923067 5473.283132 5801.515856 5994.746875 6539.592839 6680.133995 7584.559213 7955.852850 10048.24408 10641.07599 11291.54730 15146.51722 17453.28170 34916.55048 38553.74124 42777.38607 77056.28434 141812.5341 207410.4342 288285.5115 1321418.459
