    unsorted:	 0.005214411970 0.01540695781 0.02118113724 9.977678339 1495.155298 1831.951096 1865.624806 1801.779767 1922.487007 1955.053275 1489.996909 1570.797430 1431.230808 2190.078813 2265.343010 2312.025132 2423.520965 2493.646262 2564.579252 2611.581206 2648.363719 2703.268820 2810.331050 2815.508483 2865.877709 2873.755512 1275.045156 3053.000538 1103.918480 1017.372531 805.5599837 730.9777369 571.1466648 157.2119868 104.9845276 127.9970615 322.1552354 3266.596082 3318.937772 3357.418953 3800.502643 4052.710319 4231.970746 5274.642546 5989.891929 20457.01756 34748.58909 61038.83093 105868.7318 193647.3762 280466.6376 418739.0889
      sorted:	 0.005214411970 0.01540695781 0.02118113724 9.977678339 104.9845276 127.9970615 157.2119868 322.1552354 571.1466648 730.9777369 805.5599837 1017.372531 1103.918480 1275.045156 1431.230808 1489.996909 1495.155298 1570.797430 1801.779767 1831.951096 1865.624806 1922.487007 1955.053275 2190.078813 2265.343010 2312.025132 2423.520965 2493.646262 2564.579252 2611.581206 2648.363719 2703.268820 2810.331050 2815.508483 2865.877709 2873.755512 3053.000538 3266.596082 3318.937772 3357.418953 3800.502643 4052.710319 4231.970746 5274.642546 5989.891929 20457.01756 34748.58909 61038.83093 105868.7318 193647.3762 280466.6376 418739.0889
