    unsorted:	 3147.844514 2825.239228 2796.830956 2746.229665 3256.734243 3410.347690 2240.485242 2041.046707 2074.898232 4097.663696 4166.404480 4524.062786 4957.823618 4910.467654 5118.843960 5279.908969 1701.684656 1552.137808 1164.412305 1137.119494 5795.752277 6138.728877 6391.236656 469.5353617 517.2169547 6771.991340 7027.889279 0.005171112028 7729.456237 8387.331131 9443.602159 9986.848800 10221.38211 11921.58342 13012.29706 13958.94207 14668.77296 18380.68874 23380.38465 25693.02952 31288.56391 35010.11175 33958.36403 37242.23082 47254.86750 89649.87248 92614.02633 118909.4745 148229.6398 225410.5427 4531381.717
      sorted:	 0.005171112028 469.5353617 517.2169547 1137.119494 1164.412305 1552.137808 1701.684656 2041.046707 2074.898232 2240.485242 2746.229665 2796.830956 2825.239228 3147.844514 3256.734243 3410.347690 4097.663696 4166.404480 4524.062786 4910.467654 4957.823618 5118.843960 5279.908969 5795.752277 6138.728877 6391.236656 6771.991340 7027.889279 7729.456237 8387.331131 9443.602159 9986.848800 10221.38211 11921.58342 13012.29706 13958.94207 14668.77296 18380.68874 23380.38465 25693.02952 31288.56391 33958.36403 35010.11175 37242.23082 47254.86750 89649.87248 92614.02633 118909.4745 148229.6398 225410.5427 4531381.717
