    unsorted:	 2958.344057 2906.392441 2977.005183 3031.121309 2805.431946 2742.282346 2662.464622 2551.460055 2525.353078 2443.151522 2419.113576 2303.383819 3100.433747 3166.587831 2220.848633 2028.658608 2039.076424 1971.521851 1879.141205 3385.472975 1699.359943 1661.717259 1450.640187 1546.124033 1434.128246 3507.889903 3709.598252 3798.842121 1131.773177 962.0630326 0.005096670761 4160.714657 560.0058777 35.42250767 0.02036503543 129.1128596 145.5321581 333.6046885 4272.114000 4460.298853 4952.589151 5508.535702 6290.651946 7767.057890 11690.93820 21324.65020 34736.54144 64800.99886 119693.3721 192005.8261 290109.7878 626256.3350
      sorted:	 0.005096670761 0.02036503543 35.42250767 129.1128596 145.5321581 333.6046885 560.0058777 962.0630326 1131.773177 1434.128246 1450.640187 1546.124033 1661.717259 1699.359943 1879.141205 1971.521851 2028.658608 2039.076424 2220.848633 2303.383819 2419.113576 2443.151522 2525.353078 2551.460055 2662.464622 2742.282346 2805.431946 2906.392441 2958.344057 2977.005183 3031.121309 3100.433747 3166.587831 3385.472975 3507.889903 3709.598252 3798.842121 4160.714657 4272.114000 4460.298853 4952.589151 5508.535702 6290.651946 7767.057890 11690.93820 21324.65020 34736.54144 64800.99886 119693.3721 192005.8261 290109.7878 626256.3350
