    unsorted:	 2958.344058 2906.392437 2977.005213 3031.121328 2805.431942 2742.282346 2662.464623 2551.460049 2525.353072 2443.151520 2419.113586 2303.383814 3100.433746 3166.587839 2220.848650 2028.658604 2039.076427 1971.521857 1879.141219 3385.472966 1699.359955 1661.717266 1450.823578 1546.124045 1434.128245 3507.889898 3709.598255 3798.842150 1131.773420 962.0630388 0.005105355279 4160.714656 560.0058855 35.43497816 0.02028726191 129.1125111 145.5321473 333.6046879 4272.114003 4460.298853 4952.589147 5508.535837 6290.651946 7767.057581 11690.93516 21324.64544 34736.54145 64800.99852 119693.3617 192005.8261 290109.7878 626256.3349
      sorted:	 0.005105355279 0.02028726191 35.43497816 129.1125111 145.5321473 333.6046879 560.0058855 962.0630388 1131.773420 1434.128245 1450.823578 1546.124045 1661.717266 1699.359955 1879.141219 1971.521857 2028.658604 2039.076427 2220.848650 2303.383814 2419.113586 2443.151520 2525.353072 2551.460049 2662.464623 2742.282346 2805.431942 2906.392437 2958.344058 2977.005213 3031.121328 3100.433746 3166.587839 3385.472966 3507.889898 3709.598255 3798.842150 4160.714656 4272.114003 4460.298853 4952.589147 5508.535837 6290.651946 7767.057581 11690.93516 21324.64544 34736.54145 64800.99852 119693.3617 192005.8261 290109.7878 626256.3349
