    unsorted:	 2958.344049 2906.392433 2977.005199 3031.121312 2805.431942 2742.282335 2662.464622 2551.460058 2525.353067 2443.151512 2419.113562 2303.383820 3100.433733 3166.587832 2220.848630 2028.658603 2039.076405 1971.521846 1879.141134 3385.472978 1699.359914 1661.717242 1450.712943 1546.124029 1434.128242 3507.889879 3709.598252 3798.841900 1131.771885 962.0629952 0.005088050998 4160.714650 560.0058729 35.42533912 0.02041516297 129.1131727 145.5321456 333.6046898 4272.113985 4460.298844 4952.589120 5508.534935 6290.651636 7767.055773 11690.93968 21324.67046 34736.54144 64800.99957 119693.4115 192005.8264 290109.7880 626256.3348
      sorted:	 0.005088050998 0.02041516297 35.42533912 129.1131727 145.5321456 333.6046898 560.0058729 962.0629952 1131.771885 1434.128242 1450.712943 1546.124029 1661.717242 1699.359914 1879.141134 1971.521846 2028.658603 2039.076405 2220.848630 2303.383820 2419.113562 2443.151512 2525.353067 2551.460058 2662.464622 2742.282335 2805.431942 2906.392433 2958.344049 2977.005199 3031.121312 3100.433733 3166.587832 3385.472978 3507.889879 3709.598252 3798.841900 4160.714650 4272.113985 4460.298844 4952.589120 5508.534935 6290.651636 7767.055773 11690.93968 21324.67046 34736.54144 64800.99957 119693.4115 192005.8264 290109.7880 626256.3348
