    unsorted:	 0.3770668448 604.2925545 636.7382723 675.3756851 776.1208111 809.0787124 874.4134270 473.2354950 956.3851985 304.8288931 169.1229973 116.5104231 97.78792599 43.78795871 63.31356607 16.04798862 -32.27026313 -181.3349297 -133.7492379 1174.997398 1255.895659 -358.8002804 -392.2263879 1624.873536 1574.638711 1714.860628 1918.523348 2018.343257 2191.749101 2249.685758 2333.158689 2568.485798 -991.1338504 2942.755434 3071.335813 3313.276532 3473.403006 3629.664215 -1387.638101 3969.186928 -2039.938428 5113.653437 9265.698641 17495.54256 18988.38252 29292.05515 54641.58674 190777.4443 258254.0705 315279.9266 -407922939.1 408347937.5
      sorted:	 -407922939.1 -2039.938428 -1387.638101 -991.1338504 -392.2263879 -358.8002804 -181.3349297 -133.7492379 -32.27026313 0.3770668448 16.04798862 43.78795871 63.31356607 97.78792599 116.5104231 169.1229973 304.8288931 473.2354950 604.2925545 636.7382723 675.3756851 776.1208111 809.0787124 874.4134270 956.3851985 1174.997398 1255.895659 1574.638711 1624.873536 1714.860628 1918.523348 2018.343257 2191.749101 2249.685758 2333.158689 2568.485798 2942.755434 3071.335813 3313.276532 3473.403006 3629.664215 3969.186928 5113.653437 9265.698641 17495.54256 18988.38252 29292.05515 54641.58674 190777.4443 258254.0705 315279.9266 408347937.5
