    unsorted:	 0.005334925954 0.01087235959 0.3196997058 254.7975518 276.4066528 98.62454018 138.8450879 470.4523391 510.1370653 427.9009652 625.3487492 817.0518050 998.5313418 1012.637617 1282.047262 1293.412651 1975.918362 2010.859122 2124.030429 2329.146657 2631.321811 2940.284306 3158.944573 -704.8794320 3567.523511 3907.884221 4050.656830 4137.652239 4836.413432 5441.174302 5970.998136 6491.475703 -2523.777490 8474.999746 9064.075975 9488.760771 9729.584539 12948.15535 15923.99690 -11263.21721 18611.94127 26779.01709 34502.63531 52214.73828 55111.94588 59919.22384 100200.4041 109535.8235 133366.1302 224263.3361 314441.9959 3182706.090
      sorted:	 -11263.21721 -2523.777490 -704.8794320 0.005334925954 0.01087235959 0.3196997058 98.62454018 138.8450879 254.7975518 276.4066528 427.9009652 470.4523391 510.1370653 625.3487492 817.0518050 998.5313418 1012.637617 1282.047262 1293.412651 1975.918362 2010.859122 2124.030429 2329.146657 2631.321811 2940.284306 3158.944573 3567.523511 3907.884221 4050.656830 4137.652239 4836.413432 5441.174302 5970.998136 6491.475703 8474.999746 9064.075975 9488.760771 9729.584539 12948.15535 15923.99690 18611.94127 26779.01709 34502.63531 52214.73828 55111.94588 59919.22384 100200.4041 109535.8235 133366.1302 224263.3361 314441.9959 3182706.090
