    unsorted:	 3595.615356 3529.737320 3328.958794 3240.636317 3189.294362 3841.855202 3925.262345 2851.433690 2731.207960 2527.043508 2572.467192 2361.313474 2192.380458 4201.688657 4297.495176 4336.751510 2039.070189 1739.626384 4732.211735 4991.770003 5241.974728 5385.123028 0.005001428785 1225.901753 1031.718625 840.4932440 0.01913425730 114.3016540 617.4987277 230.6627748 485.6611485 5707.502046 6647.546559 7325.733638 7891.136032 8742.274894 9221.383763 10887.38350 11706.45936 12062.97097 13519.26409 15805.43334 17747.33872 19959.03605 24845.21618 34927.75939 47454.00660 95512.12885 146800.4781 220011.7932 291058.1036 2069566.694
      sorted:	 0.005001428785 0.01913425730 114.3016540 230.6627748 485.6611485 617.4987277 840.4932440 1031.718625 1225.901753 1739.626384 2039.070189 2192.380458 2361.313474 2527.043508 2572.467192 2731.207960 2851.433690 3189.294362 3240.636317 3328.958794 3529.737320 3595.615356 3841.855202 3925.262345 4201.688657 4297.495176 4336.751510 4732.211735 4991.770003 5241.974728 5385.123028 5707.502046 6647.546559 7325.733638 7891.136032 8742.274894 9221.383763 10887.38350 11706.45936 12062.97097 13519.26409 15805.43334 17747.33872 19959.03605 24845.21618 34927.75939 47454.00660 95512.12885 146800.4781 220011.7932 291058.1036 2069566.694
