    unsorted:	 3309.543332 3344.557601 3454.084500 3491.011529 3566.416649 3224.336912 3641.281374 2994.917209 2968.888411 2908.877474 3737.376081 2710.305980 2464.366199 2185.749313 2154.033853 2219.932732 2061.289383 2002.162359 1914.796237 1710.906713 1615.952726 1412.423869 4105.034315 4246.422389 4395.854084 4440.524156 1140.033963 1049.931162 0.005042798592 507.1721057 397.2417276 0.01993347574 108.3637658 5062.644513 5243.382414 5337.098552 6523.873509 6579.823869 7686.914828 8666.537064 9667.219489 12827.72198 16583.00542 17572.07820 31087.66515 34833.01592 62148.90915 74292.33059 134450.4857 184066.9715 307524.8286 1067313.980
      sorted:	 0.005042798592 0.01993347574 108.3637658 397.2417276 507.1721057 1049.931162 1140.033963 1412.423869 1615.952726 1710.906713 1914.796237 2002.162359 2061.289383 2154.033853 2185.749313 2219.932732 2464.366199 2710.305980 2908.877474 2968.888411 2994.917209 3224.336912 3309.543332 3344.557601 3454.084500 3491.011529 3566.416649 3641.281374 3737.376081 4105.034315 4246.422389 4395.854084 4440.524156 5062.644513 5243.382414 5337.098552 6523.873509 6579.823869 7686.914828 8666.537064 9667.219489 12827.72198 16583.00542 17572.07820 31087.66515 34833.01592 62148.90915 74292.33059 134450.4857 184066.9715 307524.8286 1067313.980
