    unsorted:	 2958.344059 2906.392437 2977.005174 3031.121302 2805.431942 2742.282347 2662.464620 2551.460048 2525.353070 2443.151520 2419.113575 2303.383819 3100.433737 3166.587820 2220.848632 2028.658607 2039.076423 1971.521857 1879.141189 3385.472966 1699.359942 1661.717260 1450.703720 1546.124032 1434.128234 3507.889889 3709.598245 3798.842096 1131.773010 962.0630287 0.005110357784 4160.714655 560.0058763 35.43067460 0.02022712055 129.1128464 145.5321570 333.6046871 4272.113998 4460.298847 4952.589149 5508.535602 6290.651894 7767.057385 11690.93722 21324.65253 34736.54144 64800.99891 119693.3782 192005.8261 290109.7878 626256.3355
      sorted:	 0.005110357784 0.02022712055 35.43067460 129.1128464 145.5321570 333.6046871 560.0058763 962.0630287 1131.773010 1434.128234 1450.703720 1546.124032 1661.717260 1699.359942 1879.141189 1971.521857 2028.658607 2039.076423 2220.848632 2303.383819 2419.113575 2443.151520 2525.353070 2551.460048 2662.464620 2742.282347 2805.431942 2906.392437 2958.344059 2977.005174 3031.121302 3100.433737 3166.587820 3385.472966 3507.889889 3709.598245 3798.842096 4160.714655 4272.113998 4460.298847 4952.589149 5508.535602 6290.651894 7767.057385 11690.93722 21324.65253 34736.54144 64800.99891 119693.3782 192005.8261 290109.7878 626256.3355
