    unsorted:	 0.006022956458 931.7786253 952.9617645 834.3446395 854.7294632 1029.236202 732.4263399 1276.178388 1287.683998 1240.357466 640.6771804 1438.758010 2087.936551 2057.844375 2033.883086 2297.717908 2435.288421 299.3452661 81.77395957 3087.945279 3134.410293 3357.986281 3753.189980 3731.657880 3803.561461 4525.512506 4893.961399 5114.686977 -873.7662689 5438.614950 5671.417589 -963.5347862 6481.413075 7084.669519 -2620.562112 -3195.021670 8057.027960 9900.974118 9953.151378 10703.95577 11334.81540 17277.41006 34123.48388 35886.80645 38602.05403 44215.78618 85734.03051 168371.2085 269615.3074 1222762.704 1366041.324 -1143560.035
      sorted:	 -1143560.035 -3195.021670 -2620.562112 -963.5347862 -873.7662689 0.006022956458 81.77395957 299.3452661 640.6771804 732.4263399 834.3446395 854.7294632 931.7786253 952.9617645 1029.236202 1240.357466 1276.178388 1287.683998 1438.758010 2033.883086 2057.844375 2087.936551 2297.717908 2435.288421 3087.945279 3134.410293 3357.986281 3731.657880 3753.189980 3803.561461 4525.512506 4893.961399 5114.686977 5438.614950 5671.417589 6481.413075 7084.669519 8057.027960 9900.974118 9953.151378 10703.95577 11334.81540 17277.41006 34123.48388 35886.80645 38602.05403 44215.78618 85734.03051 168371.2085 269615.3074 1222762.704 1366041.324
