    unsorted:	 0.004998063840 0.01086901949 17928.27442 17905.49510 19044.49472 18754.22399 19393.42953 16213.00680 16116.83035 15635.11710 15397.86329 14447.46767 13486.15430 13153.17008 12624.56262 20704.14713 21040.82838 11419.67727 10683.70574 9881.018435 9571.208796 21477.35102 8721.541599 22623.83053 6743.992398 6409.026100 6186.641339 6034.654846 23762.60706 24121.90361 3881.088306 3688.132791 1634.405618 1457.242792 1006.689840 -728.8026500 -1289.771251 26731.28690 27347.86336 28068.04296 -3551.158141 30446.51559 33133.82443 42469.91894 62150.46413 60784.24825 71918.05104 110511.5318 141871.9870 222902.8900 404778.0479 1295916.086
      sorted:	 -3551.158141 -1289.771251 -728.8026500 0.004998063840 0.01086901949 1006.689840 1457.242792 1634.405618 3688.132791 3881.088306 6034.654846 6186.641339 6409.026100 6743.992398 8721.541599 9571.208796 9881.018435 10683.70574 11419.67727 12624.56262 13153.17008 13486.15430 14447.46767 15397.86329 15635.11710 16116.83035 16213.00680 17905.49510 17928.27442 18754.22399 19044.49472 19393.42953 20704.14713 21040.82838 21477.35102 22623.83053 23762.60706 24121.90361 26731.28690 27347.86336 28068.04296 30446.51559 33133.82443 42469.91894 60784.24825 62150.46413 71918.05104 110511.5318 141871.9870 222902.8900 404778.0479 1295916.086
