    unsorted:	 15925.27455 15760.08134 15554.55043 14439.90214 14646.63854 16932.75771 17766.77870 18266.64334 18932.39395 19103.81106 13496.57705 20152.80223 20502.83748 20478.06143 21406.74012 12655.54750 12336.01160 22509.47673 10959.65629 9898.019771 10237.61437 9324.198748 23351.43140 8109.380246 24156.15614 5887.543354 6360.528723 5577.047322 0.004973987811 3396.576593 4127.561929 1851.935453 2109.025111 1539.421442 25126.00325 -503.6490556 27158.42877 28517.22566 -2770.580879 33159.00201 37440.35941 48911.29478 51535.29377 53422.32164 67050.71998 92486.12683 144941.0717 233215.1137 415530.8481 1998481.810 -9043784579. 9044608930.
      sorted:	 -9043784579. -2770.580879 -503.6490556 0.004973987811 1539.421442 1851.935453 2109.025111 3396.576593 4127.561929 5577.047322 5887.543354 6360.528723 8109.380246 9324.198748 9898.019771 10237.61437 10959.65629 12336.01160 12655.54750 13496.57705 14439.90214 14646.63854 15554.55043 15760.08134 15925.27455 16932.75771 17766.77870 18266.64334 18932.39395 19103.81106 20152.80223 20478.06143 20502.83748 21406.74012 22509.47673 23351.43140 24156.15614 25126.00325 27158.42877 28517.22566 33159.00201 37440.35941 48911.29478 51535.29377 53422.32164 67050.71998 92486.12683 144941.0717 233215.1137 415530.8481 1998481.810 9044608930.
