    unsorted:	 2242.611220 2216.851620 2264.683868 2477.291164 2594.850563 2755.336349 2051.134418 3190.847178 3262.868776 3312.106717 3662.048138 1749.459674 3960.581922 4214.700114 4387.906149 4558.032159 4947.791845 5133.298978 5534.392325 5810.597417 1234.403039 1033.021370 0.005003456862 642.7923929 0.01959216113 495.0304533 6170.317428 6804.067804 6961.479627 7122.682104 8054.290269 8565.522623 9620.483190 10611.73987 11859.99814 12446.02036 13619.36225 15037.38616 18047.12574 17799.00014 21319.83523 22728.33205 27528.98447 34984.26676 47728.21002 49232.68604 81841.55578 120396.9847 152012.9931 202672.0310 304039.1350 2364241.376
      sorted:	 0.005003456862 0.01959216113 495.0304533 642.7923929 1033.021370 1234.403039 1749.459674 2051.134418 2216.851620 2242.611220 2264.683868 2477.291164 2594.850563 2755.336349 3190.847178 3262.868776 3312.106717 3662.048138 3960.581922 4214.700114 4387.906149 4558.032159 4947.791845 5133.298978 5534.392325 5810.597417 6170.317428 6804.067804 6961.479627 7122.682104 8054.290269 8565.522623 9620.483190 10611.73987 11859.99814 12446.02036 13619.36225 15037.38616 17799.00014 18047.12574 21319.83523 22728.33205 27528.98447 34984.26676 47728.21002 49232.68604 81841.55578 120396.9847 152012.9931 202672.0310 304039.1350 2364241.376
