    unsorted:	 2940.017583 3162.870326 3149.136026 3285.843604 2871.574613 2608.952692 2458.369287 2095.455861 1918.870209 3881.928552 3983.741706 4398.248475 1650.323162 4838.192681 4911.766336 1195.109988 971.4606025 706.7933657 537.8233263 5846.795318 5939.330978 6886.249852 7618.799539 8077.653176 0.005174210622 8562.196356 9058.047529 9355.345126 11728.87426 12212.47036 13248.80135 13309.08983 15174.69482 16268.43685 17559.47052 18065.41050 19856.75665 24396.97374 26710.31188 29459.79113 34997.55508 42547.40211 50340.28653 79526.58382 102548.9003 129546.7437 143323.3240 219661.4789 316665.5574 5852368.857
      sorted:	 0.005174210622 537.8233263 706.7933657 971.4606025 1195.109988 1650.323162 1918.870209 2095.455861 2458.369287 2608.952692 2871.574613 2940.017583 3149.136026 3162.870326 3285.843604 3881.928552 3983.741706 4398.248475 4838.192681 4911.766336 5846.795318 5939.330978 6886.249852 7618.799539 8077.653176 8562.196356 9058.047529 9355.345126 11728.87426 12212.47036 13248.80135 13309.08983 15174.69482 16268.43685 17559.47052 18065.41050 19856.75665 24396.97374 26710.31188 29459.79113 34997.55508 42547.40211 50340.28653 79526.58382 102548.9003 129546.7437 143323.3240 219661.4789 316665.5574 5852368.857
