    unsorted:	 2845.518574 2868.579933 3084.738330 3064.758566 2687.573823 3269.697333 2343.799695 2285.454932 3786.950154 3980.657422 4119.828458 4324.495726 1805.263057 1424.949964 0.005024391264 1198.865628 880.8636719 819.8089453 662.9876795 0.01944647275 4952.190536 5379.069410 6014.089332 6068.701211 6830.940829 7407.510739 7803.377047 8656.462365 8994.660648 9400.348594 11355.39007 11484.80220 13387.83487 15912.27142 15732.92098 16790.13973 18132.57756 19350.59215 20676.61963 23973.27091 27314.28392 34967.27242 34158.36863 42928.98120 50568.30394 80159.80480 94303.09715 119032.8654 153645.3159 212976.9659 315145.0471 6953365.884
      sorted:	 0.005024391264 0.01944647275 662.9876795 819.8089453 880.8636719 1198.865628 1424.949964 1805.263057 2285.454932 2343.799695 2687.573823 2845.518574 2868.579933 3064.758566 3084.738330 3269.697333 3786.950154 3980.657422 4119.828458 4324.495726 4952.190536 5379.069410 6014.089332 6068.701211 6830.940829 7407.510739 7803.377047 8656.462365 8994.660648 9400.348594 11355.39007 11484.80220 13387.83487 15732.92098 15912.27142 16790.13973 18132.57756 19350.59215 20676.61963 23973.27091 27314.28392 34158.36863 34967.27242 42928.98120 50568.30394 80159.80480 94303.09715 119032.8654 153645.3159 212976.9659 315145.0471 6953365.884
