    unsorted:	 3037.444641 3103.245581 3148.898622 2934.784104 2772.143417 3262.981544 2523.651226 2496.799158 2351.816914 2143.062377 2130.371952 2056.429029 1936.101361 3425.718131 3537.722842 1833.237884 3741.672711 3850.130359 1642.757535 1546.478589 4045.536357 4210.066442 4413.604081 4574.646911 913.8460900 1014.287732 1092.802345 485.4958502 592.9053372 0.005045811068 365.9104105 0.01993149761 4826.877404 5186.954192 5485.313492 6789.411305 7464.250304 8224.721801 8898.317363 9458.827453 15724.58117 17401.89777 18308.37820 34984.92615 33150.56018 43110.02317 65358.86645 81655.60473 139076.9115 192933.2647 331831.2331 1124044.163
      sorted:	 0.005045811068 0.01993149761 365.9104105 485.4958502 592.9053372 913.8460900 1014.287732 1092.802345 1546.478589 1642.757535 1833.237884 1936.101361 2056.429029 2130.371952 2143.062377 2351.816914 2496.799158 2523.651226 2772.143417 2934.784104 3037.444641 3103.245581 3148.898622 3262.981544 3425.718131 3537.722842 3741.672711 3850.130359 4045.536357 4210.066442 4413.604081 4574.646911 4826.877404 5186.954192 5485.313492 6789.411305 7464.250304 8224.721801 8898.317363 9458.827453 15724.58117 17401.89777 18308.37820 33150.56018 34984.92615 43110.02317 65358.86645 81655.60473 139076.9115 192933.2647 331831.2331 1124044.163
