    unsorted:	 1871.601696 1887.960801 1948.075326 1967.077427 1994.825961 2032.766353 2082.107881 1767.658708 1660.926846 1562.253669 2277.469595 2385.705770 2521.750478 2492.424382 2570.680524 2813.341681 1469.210868 1378.500479 1246.349778 1215.129097 1189.596644 1138.231269 1059.906453 1014.842624 933.2199257 2770.213504 2841.865010 2862.610550 2875.689559 785.7596861 754.6202864 3083.854039 3160.305351 0.005958354459 1.089657726 0.09588666979 7.317983903 474.5115140 330.3968780 88.72718478 3257.180904 4073.697235 5166.849100 5315.176446 5885.471397 10524.10431 29268.66761 34542.90273 61062.76530 193733.1020 280576.7852 418970.0756
      sorted:	 0.005958354459 0.09588666979 1.089657726 7.317983903 88.72718478 330.3968780 474.5115140 754.6202864 785.7596861 933.2199257 1014.842624 1059.906453 1138.231269 1189.596644 1215.129097 1246.349778 1378.500479 1469.210868 1562.253669 1660.926846 1767.658708 1871.601696 1887.960801 1948.075326 1967.077427 1994.825961 2032.766353 2082.107881 2277.469595 2385.705770 2492.424382 2521.750478 2570.680524 2770.213504 2813.341681 2841.865010 2862.610550 2875.689559 3083.854039 3160.305351 3257.180904 4073.697235 5166.849100 5315.176446 5885.471397 10524.10431 29268.66761 34542.90273 61062.76530 193733.1020 280576.7852 418970.0756
