    unsorted:	 0.005034268693 12865.70806 12795.23007 12305.78059 13987.94415 14342.88452 11360.46932 10828.01219 10501.43384 10182.32350 15652.89749 16379.11806 17215.94248 17592.03704 18266.92313 18452.09582 9041.971264 7708.554363 8009.077498 7390.785631 6606.911830 19824.06934 20020.15695 21311.84646 21714.28419 22326.00178 5321.360683 23238.83113 24075.32112 25106.97274 2567.351506 2094.422951 176.8881446 820.3529341 -660.0067414 29574.32677 -3503.041705 32241.79464 33560.21400 36487.03659 -9921.367068 40267.09685 43222.20677 54262.02598 64158.59358 147401.5222 187630.6512 253282.2296 426618.8958 3226011.127 -348729757.2 348860923.2
      sorted:	 -348729757.2 -9921.367068 -3503.041705 -660.0067414 0.005034268693 176.8881446 820.3529341 2094.422951 2567.351506 5321.360683 6606.911830 7390.785631 7708.554363 8009.077498 9041.971264 10182.32350 10501.43384 10828.01219 11360.46932 12305.78059 12795.23007 12865.70806 13987.94415 14342.88452 15652.89749 16379.11806 17215.94248 17592.03704 18266.92313 18452.09582 19824.06934 20020.15695 21311.84646 21714.28419 22326.00178 23238.83113 24075.32112 25106.97274 29574.32677 32241.79464 33560.21400 36487.03659 40267.09685 43222.20677 54262.02598 64158.59358 147401.5222 187630.6512 253282.2296 426618.8958 3226011.127 348860923.2
