    unsorted:	 17861.95199 17749.87997 17354.81440 19901.35667 20052.75965 19408.36664 16088.63135 15011.39147 14565.26917 14044.36744 13051.07945 21583.14131 22557.15192 22786.88115 24656.72971 24543.87447 12219.31651 11338.83025 11025.94480 10689.41900 26103.47007 9052.833155 8167.789643 27761.38111 29008.71338 0.005005719208 5824.823021 5549.101295 0.02378594065 179.1956384 1235.816929 2116.563126 31173.76703 31962.95864 32421.46045 34099.46633 36893.99937 40490.49833 44956.53994 52223.48207 54272.81755 54966.89351 67567.11751 84612.68158 106570.5783 123250.9064 146948.0700 199586.4370 205930.8908 277693.8071 642240.2506 8236258.509
      sorted:	 0.005005719208 0.02378594065 179.1956384 1235.816929 2116.563126 5549.101295 5824.823021 8167.789643 9052.833155 10689.41900 11025.94480 11338.83025 12219.31651 13051.07945 14044.36744 14565.26917 15011.39147 16088.63135 17354.81440 17749.87997 17861.95199 19408.36664 19901.35667 20052.75965 21583.14131 22557.15192 22786.88115 24543.87447 24656.72971 26103.47007 27761.38111 29008.71338 31173.76703 31962.95864 32421.46045 34099.46633 36893.99937 40490.49833 44956.53994 52223.48207 54272.81755 54966.89351 67567.11751 84612.68158 106570.5783 123250.9064 146948.0700 199586.4370 205930.8908 277693.8071 642240.2506 8236258.509
