    unsorted:	 2242.611223 2264.683849 2216.851606 2477.290978 2594.850427 2755.336333 2051.134420 3190.847135 3262.868688 3312.106679 3662.048081 1749.459676 3960.581665 4214.700062 4387.906149 4558.032107 4947.791827 5133.298964 0.005006712842 1234.402897 1033.020168 0.01949629599 642.7923959 495.0304334 5534.392322 5810.597327 6170.317420 6804.068289 6961.479559 7122.681531 8054.289178 8565.522436 9620.482993 10611.73911 11859.99699 12446.01747 13619.36140 15037.38672 18047.12574 17799.00159 21319.85416 22728.34193 27528.98495 34984.26676 47728.21071 49232.68607 81841.55571 120396.9939 152013.0557 202672.0363 304039.1364 2364241.387
      sorted:	 0.005006712842 0.01949629599 495.0304334 642.7923959 1033.020168 1234.402897 1749.459676 2051.134420 2216.851606 2242.611223 2264.683849 2477.290978 2594.850427 2755.336333 3190.847135 3262.868688 3312.106679 3662.048081 3960.581665 4214.700062 4387.906149 4558.032107 4947.791827 5133.298964 5534.392322 5810.597327 6170.317420 6804.068289 6961.479559 7122.681531 8054.289178 8565.522436 9620.482993 10611.73911 11859.99699 12446.01747 13619.36140 15037.38672 17799.00159 18047.12574 21319.85416 22728.34193 27528.98495 34984.26676 47728.21071 49232.68607 81841.55571 120396.9939 152013.0557 202672.0363 304039.1364 2364241.387
