    unsorted:	 0.004996999620 0.02213495122 15347.03487 15230.15057 15934.59330 16586.84373 17184.26321 17577.49925 17770.46307 13764.56976 13046.59224 12626.90299 11615.09038 19061.19826 10873.01994 10058.05538 9802.844108 20379.10035 21731.80392 21614.98068 7069.097250 23010.45788 6510.898291 5144.419671 24530.03965 3594.642421 3136.613757 1569.670024 176.4579858 371.7331863 26083.99791 28712.21732 29997.59177 33920.19062 34889.23061 37342.95380 46019.43101 47950.17324 50903.74329 57769.68218 67325.54017 74984.41780 77034.98503 85592.69964 100247.4991 110750.7158 125953.9362 146650.3748 173617.2988 224718.8685 246392.7174 752167.0820 9219998.758
      sorted:	 0.004996999620 0.02213495122 176.4579858 371.7331863 1569.670024 3136.613757 3594.642421 5144.419671 6510.898291 7069.097250 9802.844108 10058.05538 10873.01994 11615.09038 12626.90299 13046.59224 13764.56976 15230.15057 15347.03487 15934.59330 16586.84373 17184.26321 17577.49925 17770.46307 19061.19826 20379.10035 21614.98068 21731.80392 23010.45788 24530.03965 26083.99791 28712.21732 29997.59177 33920.19062 34889.23061 37342.95380 46019.43101 47950.17324 50903.74329 57769.68218 67325.54017 74984.41780 77034.98503 85592.69964 100247.4991 110750.7158 125953.9362 146650.3748 173617.2988 224718.8685 246392.7174 752167.0820 9219998.758
