    unsorted:	 2711.792745 2735.281065 2490.548697 2368.203754 2245.033805 1950.756286 1911.029577 3159.826904 3346.699399 3697.848388 3861.828501 3890.793204 1572.766435 4328.364011 4763.294548 4980.424302 5169.638507 5304.817003 5652.042689 5684.107152 1363.413067 0.007195030388 1022.588803 956.4474293 937.4845873 6029.783011 85.98491100 6296.468291 -39.10500497 6750.524865 7008.130662 8277.328055 9434.773675 10353.57667 10820.64551 11869.00190 12280.84014 13458.43176 15960.10066 16331.95457 17567.83582 18451.00829 34934.51444 33520.92791 37594.66940 50541.72680 95909.58046 135718.4988 261999.4613 1037516.512 -2670031257. 2672398748.
      sorted:	 -2670031257. -39.10500497 0.007195030388 85.98491100 937.4845873 956.4474293 1022.588803 1363.413067 1572.766435 1911.029577 1950.756286 2245.033805 2368.203754 2490.548697 2711.792745 2735.281065 3159.826904 3346.699399 3697.848388 3861.828501 3890.793204 4328.364011 4763.294548 4980.424302 5169.638507 5304.817003 5652.042689 5684.107152 6029.783011 6296.468291 6750.524865 7008.130662 8277.328055 9434.773675 10353.57667 10820.64551 11869.00190 12280.84014 13458.43176 15960.10066 16331.95457 17567.83582 18451.00829 33520.92791 34934.51444 37594.66940 50541.72680 95909.58046 135718.4988 261999.4613 1037516.512 2672398748.
