    unsorted:	 1516.839187 1513.795206 1458.896309 1452.657440 1478.576972 1403.984309 1414.594615 1595.485310 1621.258927 1845.185514 1827.504752 1786.188877 1903.232293 1945.303306 1974.010076 1272.816413 2123.929793 2176.712787 2278.423186 1092.010220 1056.100819 994.3751248 2380.907800 2415.219526 2517.011448 2575.637142 843.3765854 2720.873965 2787.937294 2799.880216 2849.198685 758.8577479 0.005899059477 1.689448911 0.09840456286 21.44649322 44.95803212 459.4083818 337.8791616 308.0666050 113.1495894 3062.792989 3366.391914 4415.268424 5125.465700 5521.328650 11755.60842 34125.67923 61035.10971 193753.7754 280779.6095 418651.3789
      sorted:	 0.005899059477 0.09840456286 1.689448911 21.44649322 44.95803212 113.1495894 308.0666050 337.8791616 459.4083818 758.8577479 843.3765854 994.3751248 1056.100819 1092.010220 1272.816413 1403.984309 1414.594615 1452.657440 1458.896309 1478.576972 1513.795206 1516.839187 1595.485310 1621.258927 1786.188877 1827.504752 1845.185514 1903.232293 1945.303306 1974.010076 2123.929793 2176.712787 2278.423186 2380.907800 2415.219526 2517.011448 2575.637142 2720.873965 2787.937294 2799.880216 2849.198685 3062.792989 3366.391914 4415.268424 5125.465700 5521.328650 11755.60842 34125.67923 61035.10971 193753.7754 280779.6095 418651.3789
