    unsorted:	 2958.344017 2906.392446 2977.005212 3031.121329 2805.431968 2742.282344 2662.464649 2551.460088 2525.353093 2443.151538 2419.113558 2303.383834 3100.433740 3166.587859 2220.848598 2028.658622 2039.076422 1971.521905 1879.141114 3385.473002 1699.359933 1661.717264 1450.257948 1546.123984 1434.128248 3507.889896 3709.598276 3798.841838 1131.772194 962.0629961 0.005113128392 4160.714629 560.0058908 35.41178907 0.02044730216 129.1122091 145.5321930 333.6046716 4272.113998 4460.298896 4952.589073 5508.535126 6290.651544 7767.053845 11690.92868 21324.66075 34736.54147 64800.99832 119693.3856 192005.8264 290109.7879 626256.3324
      sorted:	 0.005113128392 0.02044730216 35.41178907 129.1122091 145.5321930 333.6046716 560.0058908 962.0629961 1131.772194 1434.128248 1450.257948 1546.123984 1661.717264 1699.359933 1879.141114 1971.521905 2028.658622 2039.076422 2220.848598 2303.383834 2419.113558 2443.151538 2525.353093 2551.460088 2662.464649 2742.282344 2805.431968 2906.392446 2958.344017 2977.005212 3031.121329 3100.433740 3166.587859 3385.473002 3507.889896 3709.598276 3798.841838 4160.714629 4272.113998 4460.298896 4952.589073 5508.535126 6290.651544 7767.053845 11690.92868 21324.66075 34736.54147 64800.99832 119693.3856 192005.8264 290109.7879 626256.3324
