    unsorted:	 2955.006833 2795.239676 2707.839943 2664.478809 2521.779331 3247.698898 3311.009991 2247.720138 3607.833150 3929.274667 2085.977494 1759.785197 4274.661592 4474.383906 4622.110345 0.004995310485 1248.819363 923.6181017 1050.606359 689.0803321 524.8749928 0.01943940033 5419.882250 5871.474179 5959.822894 6722.476757 7014.439932 7472.366419 8012.567557 8583.217594 8949.958105 10692.68616 11906.58273 12615.06874 14687.95748 14728.76099 16060.77474 16720.92726 17730.31726 18409.17727 21507.44840 27530.92598 30850.12673 34998.42277 42323.42325 50101.83884 83447.05460 124865.7321 154303.1071 213286.3273 307856.6858 3555430.688
      sorted:	 0.004995310485 0.01943940033 524.8749928 689.0803321 923.6181017 1050.606359 1248.819363 1759.785197 2085.977494 2247.720138 2521.779331 2664.478809 2707.839943 2795.239676 2955.006833 3247.698898 3311.009991 3607.833150 3929.274667 4274.661592 4474.383906 4622.110345 5419.882250 5871.474179 5959.822894 6722.476757 7014.439932 7472.366419 8012.567557 8583.217594 8949.958105 10692.68616 11906.58273 12615.06874 14687.95748 14728.76099 16060.77474 16720.92726 17730.31726 18409.17727 21507.44840 27530.92598 30850.12673 34998.42277 42323.42325 50101.83884 83447.05460 124865.7321 154303.1071 213286.3273 307856.6858 3555430.688
