    unsorted:	 246.7401103 246.7401103 246.7345813 246.7342681 246.7365324 246.6930672 246.6895509 246.6772681 246.6248776 246.5568604 246.5154728 246.3896020 246.3369856 246.2575241 245.9893970 245.5209065 245.4177009 245.6821762 245.3291038 244.4675422 244.3254708 244.6272573 242.5964377 243.0956889 242.4761191 242.2667478 242.1171445 241.9223247 240.6331037 241.1286884 240.8278345 239.8272201 239.7307592 238.6960174 235.7815838 234.6355173 0.02181759068 0.004968286285 1.097469688e-05 186.2756173 5.040734024 1212.326234 1206.865191 1222.373644 1197.771435 1277.012412 960.6739857 947.2927861 992.6309392 1041.021623 1335.907994 607.4507517 1459.191931 1435.651548 1617.104400 1585.756682 1696.666712 1817.617619 1950.707073 2000.857880 2153.960494 2310.290874 2411.536260 2838.915019 3065.362840 3140.653062 3688.596613 3951.093541 4204.468734 4741.219250 4854.581645 5739.740636 6921.566471 7514.394880 9094.263072 9321.923208 11573.64557 12285.33752 12926.81068 13046.57472 13706.10294 14092.85563 14523.05860 14831.69149 15208.96832 16462.82503 16068.83931 16578.40835 17091.26461 17881.38238 18914.57970 19311.76406 20663.52863 20739.71175 21525.36148 22484.96279 23473.12075 25763.04898 26593.12715 29113.02767 32278.18956 33899.89267 37790.69744 42483.49390 44285.60436 43604.47479 49882.99595 56735.04943 58424.00943 65160.95409 68606.89472 76105.48356 85574.20328 89800.54869 106897.6742 115632.3616 132374.9180 138596.1437 160805.1506 216775.0521 247994.7288 272146.2524 844011.8656 1713168.674 12174991.78 246.7401103
      sorted:	 1.097469688e-05 0.004968286285 0.02181759068 5.040734024 186.2756173 234.6355173 235.7815838 238.6960174 239.7307592 239.8272201 240.6331037 240.8278345 241.1286884 241.9223247 242.1171445 242.2667478 242.4761191 242.5964377 243.0956889 244.3254708 244.4675422 244.6272573 245.3291038 245.4177009 245.5209065 245.6821762 245.9893970 246.2575241 246.3369856 246.3896020 246.5154728 246.5568604 246.6248776 246.6772681 246.6895509 246.6930672 246.7342681 246.7345813 246.7365324 246.7401103 246.7401103 246.7401103 607.4507517 947.2927861 960.6739857 992.6309392 1041.021623 1197.771435 1206.865191 1212.326234 1222.373644 1277.012412 1335.907994 1435.651548 1459.191931 1585.756682 1617.104400 1696.666712 1817.617619 1950.707073 2000.857880 2153.960494 2310.290874 2411.536260 2838.915019 3065.362840 3140.653062 3688.596613 3951.093541 4204.468734 4741.219250 4854.581645 5739.740636 6921.566471 7514.394880 9094.263072 9321.923208 11573.64557 12285.33752 12926.81068 13046.57472 13706.10294 14092.85563 14523.05860 14831.69149 15208.96832 16068.83931 16462.82503 16578.40835 17091.26461 17881.38238 18914.57970 19311.76406 20663.52863 20739.71175 21525.36148 22484.96279 23473.12075 25763.04898 26593.12715 29113.02767 32278.18956 33899.89267 37790.69744 42483.49390 43604.47479 44285.60436 49882.99595 56735.04943 58424.00943 65160.95409 68606.89472 76105.48356 85574.20328 89800.54869 106897.6742 115632.3616 132374.9180 138596.1437 160805.1506 216775.0521 247994.7288 272146.2524 844011.8656 1713168.674 12174991.78
