    unsorted:	 23.06094908 1651.747129 1623.464164 1781.970866 1849.592728 1512.819578 2003.835976 1252.802787 1013.035709 829.3182893 675.0269586 480.9598448 438.8132937 525.1563103 400.1956098 48.58313492 2309.249803 2914.090162 2981.338747 3046.687009 3125.578795 -239.3764177 3796.851001 4836.595136 5042.468336 5179.369778 5603.762900 5874.441391 6055.044586 7740.790496 8599.115022 9185.938851 9646.747625 9912.022625 13053.11653 14247.75056 14899.60408 16423.78863 17609.66582 20758.87160 27669.60661 34412.32156 36582.30810 45752.66874 60925.60028 -67852.95163 106477.4718 276644.7843 -381219.9833 457600.4138 6076781.525 -6487024.638
      sorted:	 -6487024.638 -381219.9833 -67852.95163 -239.3764177 23.06094908 48.58313492 400.1956098 438.8132937 480.9598448 525.1563103 675.0269586 829.3182893 1013.035709 1252.802787 1512.819578 1623.464164 1651.747129 1781.970866 1849.592728 2003.835976 2309.249803 2914.090162 2981.338747 3046.687009 3125.578795 3796.851001 4836.595136 5042.468336 5179.369778 5603.762900 5874.441391 6055.044586 7740.790496 8599.115022 9185.938851 9646.747625 9912.022625 13053.11653 14247.75056 14899.60408 16423.78863 17609.66582 20758.87160 27669.60661 34412.32156 36582.30810 45752.66874 60925.60028 106477.4718 276644.7843 457600.4138 6076781.525
