    unsorted:	 2243.105466 2256.597750 2211.188248 2464.987524 2580.287904 2754.410075 2046.157864 3159.530610 3251.754549 3282.422319 3567.603867 1747.294352 4079.736787 3926.744961 4216.639863 4360.772259 4899.256782 5095.819974 5486.348551 5550.488395 1231.285082 0.005006870534 0.01957048137 1033.379720 641.9189496 491.3015095 6114.365493 6798.853745 6895.807512 6986.328953 7957.216172 8205.623458 8602.758587 9707.873338 10559.13033 11989.96428 13242.54915 14801.20467 18007.26546 18112.79158 21435.67657 22510.55030 27897.59621 34987.41826 47097.80528 48677.05924 81390.98224 116508.1127 151506.4908 202221.8065 304326.0249 2387438.307
      sorted:	 0.005006870534 0.01957048137 491.3015095 641.9189496 1033.379720 1231.285082 1747.294352 2046.157864 2211.188248 2243.105466 2256.597750 2464.987524 2580.287904 2754.410075 3159.530610 3251.754549 3282.422319 3567.603867 3926.744961 4079.736787 4216.639863 4360.772259 4899.256782 5095.819974 5486.348551 5550.488395 6114.365493 6798.853745 6895.807512 6986.328953 7957.216172 8205.623458 8602.758587 9707.873338 10559.13033 11989.96428 13242.54915 14801.20467 18007.26546 18112.79158 21435.67657 22510.55030 27897.59621 34987.41826 47097.80528 48677.05924 81390.98224 116508.1127 151506.4908 202221.8065 304326.0249 2387438.307
