    unsorted:	 3475.905012 3367.381135 3263.631849 3586.232928 3125.973200 3060.457966 3712.673441 2856.755350 2780.393230 2662.877913 3865.084040 3968.964586 2379.112464 2259.486143 2224.114411 2127.484488 2077.733367 1941.108006 4177.858499 4272.043876 4363.497205 1704.119588 4727.766747 0.005003956652 1184.006811 1045.277699 0.01975828978 101.8204122 569.9720385 198.5239643 445.1438297 5233.291721 5473.361566 5801.680570 5994.810389 6539.597077 6680.085295 7584.757982 7955.869019 10051.63841 10642.19518 11291.56921 15146.52254 17427.90199 34916.55048 38551.53759 42777.22666 77045.16121 141758.6854 207405.9572 288284.2181 1321414.860
      sorted:	 0.005003956652 0.01975828978 101.8204122 198.5239643 445.1438297 569.9720385 1045.277699 1184.006811 1704.119588 1941.108006 2077.733367 2127.484488 2224.114411 2259.486143 2379.112464 2662.877913 2780.393230 2856.755350 3060.457966 3125.973200 3263.631849 3367.381135 3475.905012 3586.232928 3712.673441 3865.084040 3968.964586 4177.858499 4272.043876 4363.497205 4727.766747 5233.291721 5473.361566 5801.680570 5994.810389 6539.597077 6680.085295 7584.757982 7955.869019 10051.63841 10642.19518 11291.56921 15146.52254 17427.90199 34916.55048 38551.53759 42777.22666 77045.16121 141758.6854 207405.9572 288284.2181 1321414.860
