    unsorted:	 0.01089005240 0.1290274101 -0.1095260481 1.129066523 2861.250694 2736.183968 2547.182796 2530.537014 3195.459730 3224.275226 3352.133530 3654.776557 3589.986352 2338.648522 2197.563975 3863.328466 3939.105689 2039.491542 4227.085435 4352.822911 4383.123623 1741.794485 4780.935804 5028.729410 1213.179590 860.8346543 664.1908814 630.0514124 479.9066100 5319.814340 5483.343709 5883.486786 6634.567042 7299.190795 8438.739493 9013.983755 10091.43533 11123.69612 11569.69775 12278.18831 14065.00208 15955.24858 20400.26702 24068.53282 26445.72013 34935.65066 48799.70354 102081.4702 143172.4658 221525.9243 293335.7147 2269228.306
      sorted:	 -0.1095260481 0.01089005240 0.1290274101 1.129066523 479.9066100 630.0514124 664.1908814 860.8346543 1213.179590 1741.794485 2039.491542 2197.563975 2338.648522 2530.537014 2547.182796 2736.183968 2861.250694 3195.459730 3224.275226 3352.133530 3589.986352 3654.776557 3863.328466 3939.105689 4227.085435 4352.822911 4383.123623 4780.935804 5028.729410 5319.814340 5483.343709 5883.486786 6634.567042 7299.190795 8438.739493 9013.983755 10091.43533 11123.69612 11569.69775 12278.18831 14065.00208 15955.24858 20400.26702 24068.53282 26445.72013 34935.65066 48799.70354 102081.4702 143172.4658 221525.9243 293335.7147 2269228.306
