    unsorted:	 3037.444658 3103.245588 3148.898635 2934.784109 2772.143432 3262.981550 2523.651240 2496.799165 2351.816927 2143.062390 2130.371939 2056.429030 1936.101367 3425.718133 3537.722852 1833.237883 3741.672712 3850.130369 1642.757537 1546.478590 4045.536361 4210.066446 4413.604018 4574.646929 913.8460837 1014.287631 1092.802140 485.4951080 592.9053377 0.005053733423 365.9104068 0.01993718585 4826.877406 5186.954188 5485.313513 6789.411335 7464.250258 8224.721044 8898.317332 9458.826803 15724.58143 17401.89842 18308.38036 34984.92615 33150.56094 43110.02318 65358.86661 81655.60545 139076.9204 192933.2651 331831.2331 1124044.163
      sorted:	 0.005053733423 0.01993718585 365.9104068 485.4951080 592.9053377 913.8460837 1014.287631 1092.802140 1546.478590 1642.757537 1833.237883 1936.101367 2056.429030 2130.371939 2143.062390 2351.816927 2496.799165 2523.651240 2772.143432 2934.784109 3037.444658 3103.245588 3148.898635 3262.981550 3425.718133 3537.722852 3741.672712 3850.130369 4045.536361 4210.066446 4413.604018 4574.646929 4826.877406 5186.954188 5485.313513 6789.411335 7464.250258 8224.721044 8898.317332 9458.826803 15724.58143 17401.89842 18308.38036 33150.56094 34984.92615 43110.02318 65358.86661 81655.60545 139076.9204 192933.2651 331831.2331 1124044.163
