    unsorted:	 0.004998466146 3790.980660 3609.522947 3415.255537 3274.004661 3204.866530 2886.239773 2748.479935 2580.212182 2615.485519 2417.345979 2209.415780 4043.528123 4275.272603 4381.131959 4406.080174 2057.547060 1746.985950 4843.108866 4968.208365 5170.921365 1235.889105 898.4698890 1033.204875 612.4831427 119.0401260 0.01905035226 499.1199270 238.7124877 5583.086175 5621.996462 5953.077308 7172.449820 7913.143909 8989.134394 11017.12537 11708.65565 12086.03611 12850.52044 14004.76050 14495.24317 16304.40764 19291.45444 21586.79858 26407.83453 34923.29797 49175.16354 109509.7307 148097.1914 222928.0097 292898.0633 2200589.362
      sorted:	 0.004998466146 0.01905035226 119.0401260 238.7124877 499.1199270 612.4831427 898.4698890 1033.204875 1235.889105 1746.985950 2057.547060 2209.415780 2417.345979 2580.212182 2615.485519 2748.479935 2886.239773 3204.866530 3274.004661 3415.255537 3609.522947 3790.980660 4043.528123 4275.272603 4381.131959 4406.080174 4843.108866 4968.208365 5170.921365 5583.086175 5621.996462 5953.077308 7172.449820 7913.143909 8989.134394 11017.12537 11708.65565 12086.03611 12850.52044 14004.76050 14495.24317 16304.40764 19291.45444 21586.79858 26407.83453 34923.29797 49175.16354 109509.7307 148097.1914 222928.0097 292898.0633 2200589.362
