    unsorted:	 3595.615354 3529.737325 3328.958744 3240.636245 3189.294363 3841.855185 3925.262145 2851.433719 2731.207976 2527.043501 2572.466979 2361.313375 2192.380467 4201.688637 4297.495183 4336.751458 2039.070187 1739.626387 4732.211677 4991.769935 5241.974697 5385.122954 0.005003132596 1225.901611 1031.717461 840.4932236 617.4987139 114.3869583 0.01910501355 485.6611251 230.6626847 5707.501830 6647.545621 7325.732639 7891.135854 8742.274880 9221.381189 10887.38335 11706.45817 12062.96666 13519.26328 15805.43332 17747.35122 19959.04637 24845.21875 34927.75939 47454.00517 95512.13759 146800.5415 220011.7968 291058.1042 2069566.575
      sorted:	 0.005003132596 0.01910501355 114.3869583 230.6626847 485.6611251 617.4987139 840.4932236 1031.717461 1225.901611 1739.626387 2039.070187 2192.380467 2361.313375 2527.043501 2572.466979 2731.207976 2851.433719 3189.294363 3240.636245 3328.958744 3529.737325 3595.615354 3841.855185 3925.262145 4201.688637 4297.495183 4336.751458 4732.211677 4991.769935 5241.974697 5385.122954 5707.501830 6647.545621 7325.732639 7891.135854 8742.274880 9221.381189 10887.38335 11706.45817 12062.96666 13519.26328 15805.43332 17747.35122 19959.04637 24845.21875 34927.75939 47454.00517 95512.13759 146800.5415 220011.7968 291058.1042 2069566.575
