    unsorted:	 3309.541504 3344.588380 3454.111667 3491.023037 3566.422183 3224.342593 3641.293651 2994.934256 2968.897131 2908.879931 3737.376302 2710.303237 2464.382416 2185.746372 2154.034579 2220.057803 2061.289216 2002.169856 1914.839952 1710.907152 1615.954530 1414.378321 4105.033173 4246.522178 4396.022633 4440.529974 1140.563856 1050.486159 0.005015305701 397.2416251 507.1719679 0.02037055077 108.3637842 5062.710784 5243.482914 5337.100306 6523.880126 6579.842853 7686.985351 8669.415688 9668.210629 12827.49812 16567.59122 17565.14753 31083.56725 34833.01590 62148.38707 74287.41972 134398.6632 184065.6571 307524.4255 1067312.561
      sorted:	 0.005015305701 0.02037055077 108.3637842 397.2416251 507.1719679 1050.486159 1140.563856 1414.378321 1615.954530 1710.907152 1914.839952 2002.169856 2061.289216 2154.034579 2185.746372 2220.057803 2464.382416 2710.303237 2908.879931 2968.897131 2994.934256 3224.342593 3309.541504 3344.588380 3454.111667 3491.023037 3566.422183 3641.293651 3737.376302 4105.033173 4246.522178 4396.022633 4440.529974 5062.710784 5243.482914 5337.100306 6523.880126 6579.842853 7686.985351 8669.415688 9668.210629 12827.49812 16567.59122 17565.14753 31083.56725 34833.01590 62148.38707 74287.41972 134398.6632 184065.6571 307524.4255 1067312.561
