    unsorted:	 3037.444652 3103.245585 3148.898628 2934.784110 2772.143428 3262.981550 2523.651234 2496.799164 2351.816924 2143.062383 2130.371953 2056.429031 1936.101365 3425.718136 3537.722851 1833.237888 3741.672722 3850.130366 1642.757537 1546.478592 4045.536370 4210.066452 4413.604071 4574.646923 913.8460959 1014.287700 1092.802280 485.4963069 592.9053375 0.005050379139 365.9104093 0.01993548468 4826.877415 5186.954200 5485.313515 6789.411357 7464.250317 8224.721587 8898.317391 9458.827281 15724.58129 17401.89799 18308.37878 34984.92615 33150.56055 43110.02318 65358.86654 81655.60505 139076.9141 192933.2648 331831.2333 1124044.170
      sorted:	 0.005050379139 0.01993548468 365.9104093 485.4963069 592.9053375 913.8460959 1014.287700 1092.802280 1546.478592 1642.757537 1833.237888 1936.101365 2056.429031 2130.371953 2143.062383 2351.816924 2496.799164 2523.651234 2772.143428 2934.784110 3037.444652 3103.245585 3148.898628 3262.981550 3425.718136 3537.722851 3741.672722 3850.130366 4045.536370 4210.066452 4413.604071 4574.646923 4826.877415 5186.954200 5485.313515 6789.411357 7464.250317 8224.721587 8898.317391 9458.827281 15724.58129 17401.89799 18308.37878 33150.56055 34984.92615 43110.02318 65358.86654 81655.60505 139076.9141 192933.2648 331831.2333 1124044.170
