    unsorted:	 2955.006838 2795.239680 2707.839945 2664.478815 2521.779339 3247.698890 3311.009996 2247.720139 3607.833149 3929.274670 2085.977497 1759.785197 4274.661619 4474.383915 4622.110340 0.004996715888 0.01943009618 1248.819368 923.6181017 1050.606395 689.0803320 524.8749944 5419.882252 5871.474176 5959.822896 6722.476759 7014.439928 7472.366451 8012.567558 8583.217611 8949.958081 10692.68615 11906.58273 12615.06892 14687.95749 14728.76098 16060.77472 16720.92719 17730.31723 18409.17725 21507.44735 27530.92576 30850.12665 34998.42277 42323.42320 50101.83881 83447.05453 124865.7317 154303.1040 213286.3272 307856.6856 3555430.682
      sorted:	 0.004996715888 0.01943009618 524.8749944 689.0803320 923.6181017 1050.606395 1248.819368 1759.785197 2085.977497 2247.720139 2521.779339 2664.478815 2707.839945 2795.239680 2955.006838 3247.698890 3311.009996 3607.833149 3929.274670 4274.661619 4474.383915 4622.110340 5419.882252 5871.474176 5959.822896 6722.476759 7014.439928 7472.366451 8012.567558 8583.217611 8949.958081 10692.68615 11906.58273 12615.06892 14687.95749 14728.76098 16060.77472 16720.92719 17730.31723 18409.17725 21507.44735 27530.92576 30850.12665 34998.42277 42323.42320 50101.83881 83447.05453 124865.7317 154303.1040 213286.3272 307856.6856 3555430.682
