    unsorted:	 1560.074985 1551.883944 1502.141665 1449.544464 1423.390207 1405.764434 1358.702362 1342.390997 1682.400080 1735.265659 1806.036553 1841.132879 1889.090906 1913.667403 1955.848843 2106.122380 2156.718250 2205.039358 2225.949665 1074.962103 1002.929461 975.7890694 2391.713420 2497.654243 2526.438260 2626.951386 2738.922961 2703.061345 854.0446824 2831.793707 698.4161998 679.2771976 0.005882386172 1.741043162 0.09760648097 8.860334296 70.94151413 454.5885101 335.3733669 302.6304018 3054.329447 3122.717004 4286.509423 5473.772486 12097.97322 15604.01829 34132.98484 46724.15349 61056.01032 193754.7655 281282.0745 418614.6618
      sorted:	 0.005882386172 0.09760648097 1.741043162 8.860334296 70.94151413 302.6304018 335.3733669 454.5885101 679.2771976 698.4161998 854.0446824 975.7890694 1002.929461 1074.962103 1342.390997 1358.702362 1405.764434 1423.390207 1449.544464 1502.141665 1551.883944 1560.074985 1682.400080 1735.265659 1806.036553 1841.132879 1889.090906 1913.667403 1955.848843 2106.122380 2156.718250 2205.039358 2225.949665 2391.713420 2497.654243 2526.438260 2626.951386 2703.061345 2738.922961 2831.793707 3054.329447 3122.717004 4286.509423 5473.772486 12097.97322 15604.01829 34132.98484 46724.15349 61056.01032 193754.7655 281282.0745 418614.6618
