    unsorted:	 19535.02659 19357.78288 20144.49105 18626.32389 21056.17190 21256.82270 21847.30055 22076.04121 17647.06509 17003.20075 15972.20297 15714.89997 15101.22598 14126.71038 13627.17956 13442.36650 12094.74910 12044.60290 23258.17414 10845.70826 10335.67920 10107.94466 24454.78334 26557.87424 7372.475714 27482.22633 0.004938396965 5548.350028 4790.952380 3293.023329 0.02149752235 190.5435449 1208.956403 28992.87571 33889.61602 39171.24934 41608.30412 43533.43390 50177.60492 54598.66759 59683.13367 77544.39370 87434.81413 94506.85012 122398.1042 141985.3885 151181.3237 183186.7997 214116.6525 260784.8398 270829.5483 489657.9105 1053239.080 18911886.38
      sorted:	 0.004938396965 0.02149752235 190.5435449 1208.956403 3293.023329 4790.952380 5548.350028 7372.475714 10107.94466 10335.67920 10845.70826 12044.60290 12094.74910 13442.36650 13627.17956 14126.71038 15101.22598 15714.89997 15972.20297 17003.20075 17647.06509 18626.32389 19357.78288 19535.02659 20144.49105 21056.17190 21256.82270 21847.30055 22076.04121 23258.17414 24454.78334 26557.87424 27482.22633 28992.87571 33889.61602 39171.24934 41608.30412 43533.43390 50177.60492 54598.66759 59683.13367 77544.39370 87434.81413 94506.85012 122398.1042 141985.3885 151181.3237 183186.7997 214116.6525 260784.8398 270829.5483 489657.9105 1053239.080 18911886.38
