    unsorted:	 3475.905116 3367.378534 3263.629072 3586.219811 3125.941829 3060.446968 3712.647131 2856.753356 2780.383415 2662.865361 3865.069000 3968.954818 2379.007737 2259.453200 2224.092108 2127.483296 2077.733639 1941.105670 4177.830457 4272.038995 4363.478406 1704.119483 4727.759353 0.005026828427 1183.822876 1044.511173 0.01944483791 101.7945074 569.9722999 198.5240743 445.1446592 5232.924186 5473.283440 5801.516412 5994.747134 6539.592376 6680.134181 7584.559901 7955.853110 10048.25425 10641.08027 11291.54776 15146.51771 17453.21463 34916.55050 38553.73546 42777.38556 77056.25622 141812.3957 207410.4230 288285.5082 1321418.478
      sorted:	 0.005026828427 0.01944483791 101.7945074 198.5240743 445.1446592 569.9722999 1044.511173 1183.822876 1704.119483 1941.105670 2077.733639 2127.483296 2224.092108 2259.453200 2379.007737 2662.865361 2780.383415 2856.753356 3060.446968 3125.941829 3263.629072 3367.378534 3475.905116 3586.219811 3712.647131 3865.069000 3968.954818 4177.830457 4272.038995 4363.478406 4727.759353 5232.924186 5473.283440 5801.516412 5994.747134 6539.592376 6680.134181 7584.559901 7955.853110 10048.25425 10641.08027 11291.54776 15146.51771 17453.21463 34916.55050 38553.73546 42777.38556 77056.25622 141812.3957 207410.4230 288285.5082 1321418.478
