    unsorted:	 2306.451609 2294.017797 2248.605534 2460.325370 2548.368674 2632.357890 2855.684454 3075.665125 3225.167052 3249.774946 3363.421231 2029.413320 1777.329684 3883.317254 4224.101688 4578.345313 4653.224924 4479.196153 4730.187956 4975.297621 1242.612288 1162.028146 1077.035633 0.005325345798 498.3128091 5334.136996 5438.169009 320.8167082 -21.88577321 5805.411350 6637.395492 6935.320888 8204.280803 8773.817227 10551.58475 10972.20058 11642.54689 12445.23014 13486.08979 17076.86134 19807.85177 22280.68773 30330.26778 34987.42561 42763.19784 48712.21322 107271.3087 144342.6527 250784.2346 988867.6074 -759032786.6 760717225.8
      sorted:	 -759032786.6 -21.88577321 0.005325345798 320.8167082 498.3128091 1077.035633 1162.028146 1242.612288 1777.329684 2029.413320 2248.605534 2294.017797 2306.451609 2460.325370 2548.368674 2632.357890 2855.684454 3075.665125 3225.167052 3249.774946 3363.421231 3883.317254 4224.101688 4479.196153 4578.345313 4653.224924 4730.187956 4975.297621 5334.136996 5438.169009 5805.411350 6637.395492 6935.320888 8204.280803 8773.817227 10551.58475 10972.20058 11642.54689 12445.23014 13486.08979 17076.86134 19807.85177 22280.68773 30330.26778 34987.42561 42763.19784 48712.21322 107271.3087 144342.6527 250784.2346 988867.6074 760717225.8
