    unsorted:	 2051.151836 2036.779674 2087.808441 2209.217464 1952.561136 1897.950292 2353.349913 2447.908387 2484.008307 2608.386768 2683.604121 2795.103580 2891.803028 2957.129255 3063.805327 3147.916680 3239.200789 3349.720044 3426.618168 3435.952191 1704.213379 1599.265714 1355.831940 3733.460100 3834.335678 1097.083670 950.8211211 857.6308806 0.005078451390 362.7065182 549.9951720 0.02031336414 76.26621660 330.1896658 163.8561459 4035.200881 4164.784908 4460.926628 5399.797519 5737.556766 6495.342696 6523.424709 7363.641688 13875.35426 23580.98694 34903.25516 37976.90755 66836.97184 125762.8545 201610.3552 301722.2375 639253.5121
      sorted:	 0.005078451390 0.02031336414 76.26621660 163.8561459 330.1896658 362.7065182 549.9951720 857.6308806 950.8211211 1097.083670 1355.831940 1599.265714 1704.213379 1897.950292 1952.561136 2036.779674 2051.151836 2087.808441 2209.217464 2353.349913 2447.908387 2484.008307 2608.386768 2683.604121 2795.103580 2891.803028 2957.129255 3063.805327 3147.916680 3239.200789 3349.720044 3426.618168 3435.952191 3733.460100 3834.335678 4035.200881 4164.784908 4460.926628 5399.797519 5737.556766 6495.342696 6523.424709 7363.641688 13875.35426 23580.98694 34903.25516 37976.90755 66836.97184 125762.8545 201610.3552 301722.2375 639253.5121
