    unsorted:	 3475.905159 3367.378557 3263.629093 3586.219927 3125.941953 3060.447008 3712.647242 2856.753391 2780.383472 2662.865390 3865.069055 3968.954865 2379.008066 2259.453297 2224.092163 2127.483285 2077.733649 1941.105692 4177.830563 4272.039079 4363.478496 1704.119466 4727.759402 0.005013897204 1183.823348 1044.513203 0.01971442013 101.8013119 569.9723100 198.5240615 445.1446973 5232.925078 5473.283722 5801.516930 5994.747407 6539.592431 6680.134553 7584.560477 7955.853254 10048.26290 10641.08385 11291.54803 15146.51798 17453.15729 34916.55049 38553.73090 42777.38543 77056.23266 141812.2767 207410.4136 288285.5057 1321418.502
      sorted:	 0.005013897204 0.01971442013 101.8013119 198.5240615 445.1446973 569.9723100 1044.513203 1183.823348 1704.119466 1941.105692 2077.733649 2127.483285 2224.092163 2259.453297 2379.008066 2662.865390 2780.383472 2856.753391 3060.447008 3125.941953 3263.629093 3367.378557 3475.905159 3586.219927 3712.647242 3865.069055 3968.954865 4177.830563 4272.039079 4363.478496 4727.759402 5232.925078 5473.283722 5801.516930 5994.747407 6539.592431 6680.134553 7584.560477 7955.853254 10048.26290 10641.08385 11291.54803 15146.51798 17453.15729 34916.55049 38553.73090 42777.38543 77056.23266 141812.2767 207410.4136 288285.5057 1321418.502
