    unsorted:	 2937.780580 2957.314687 2924.485363 2880.941030 2832.859321 3125.802719 3223.122980 3297.865479 2654.942198 2458.868885 2231.689095 2278.392042 2173.464600 2135.659630 1989.151226 1935.560276 3478.912071 3452.318153 1580.290427 1597.762109 1566.541473 1494.200069 3719.770733 0.08179235879 1141.415869 1042.527299 4050.787560 4083.426303 20.34973783 31.26045609 -45.37590281 599.4582804 346.0670722 4557.512300 4677.248542 -282.2216126 4965.455130 -499.2540920 5337.453778 6077.105509 6202.706635 7530.744538 9392.420420 11684.62090 33847.71282 32544.72337 59178.77865 88957.67794 291905.2848 572106.0915 -2840826.241 3324215.879
      sorted:	 -2840826.241 -499.2540920 -282.2216126 -45.37590281 0.08179235879 20.34973783 31.26045609 346.0670722 599.4582804 1042.527299 1141.415869 1494.200069 1566.541473 1580.290427 1597.762109 1935.560276 1989.151226 2135.659630 2173.464600 2231.689095 2278.392042 2458.868885 2654.942198 2832.859321 2880.941030 2924.485363 2937.780580 2957.314687 3125.802719 3223.122980 3297.865479 3452.318153 3478.912071 3719.770733 4050.787560 4083.426303 4557.512300 4677.248542 4965.455130 5337.453778 6077.105509 6202.706635 7530.744538 9392.420420 11684.62090 32544.72337 33847.71282 59178.77865 88957.67794 291905.2848 572106.0915 3324215.879
