    unsorted:	 2243.105444 2256.597754 2211.188249 2464.987554 2580.287943 2754.410085 2046.157880 3159.530617 3251.754590 3282.422334 3567.603834 1747.294345 4079.736525 3926.745068 4216.639819 4360.772257 4899.256775 5095.819981 5486.348571 5550.488358 0.005004080975 1231.285080 0.01960595759 1033.379765 641.9189508 491.3015371 6114.365490 6798.853513 6895.807458 6986.328930 7957.216582 8205.623049 8602.758278 9707.873247 10559.13035 11989.96463 13242.54946 14801.20481 18007.26569 18112.79160 21435.67697 22510.55079 27897.59601 34987.41825 47097.80494 48677.05925 81390.98186 116508.1157 151506.4993 202221.8065 304326.0251 2387438.287
      sorted:	 0.005004080975 0.01960595759 491.3015371 641.9189508 1033.379765 1231.285080 1747.294345 2046.157880 2211.188249 2243.105444 2256.597754 2464.987554 2580.287943 2754.410085 3159.530617 3251.754590 3282.422334 3567.603834 3926.745068 4079.736525 4216.639819 4360.772257 4899.256775 5095.819981 5486.348571 5550.488358 6114.365490 6798.853513 6895.807458 6986.328930 7957.216582 8205.623049 8602.758278 9707.873247 10559.13035 11989.96463 13242.54946 14801.20481 18007.26569 18112.79160 21435.67697 22510.55079 27897.59601 34987.41825 47097.80494 48677.05925 81390.98186 116508.1157 151506.4993 202221.8065 304326.0251 2387438.287
