    unsorted:	 0.8937889917 3.586232798 230.4425520 213.7623159 175.8896163 126.0084582 51.97261637 -19.83756429 -36.91777543 318.6055320 708.4893984 637.6932464 828.7478498 845.8651938 988.5793483 1045.949025 1147.119949 1230.963175 1362.360829 1433.949880 1727.455699 -573.0072535 -633.8726283 -758.9210544 2024.923907 2234.783628 2724.081880 3388.346287 3911.211344 4253.824647 4733.861183 4905.927011 6072.628233 6509.089293 6725.992579 7178.476792 7982.767463 7909.072567 11340.66819 12390.82395 -10483.88358 18019.68553 19968.95786 28391.74779 56483.31926 119122.3530 183087.6098 247638.5020 287961.3736 506106.6053 702895158.9 -701872053.7
      sorted:	 -701872053.7 -10483.88358 -758.9210544 -633.8726283 -573.0072535 -36.91777543 -19.83756429 0.8937889917 3.586232798 51.97261637 126.0084582 175.8896163 213.7623159 230.4425520 318.6055320 637.6932464 708.4893984 828.7478498 845.8651938 988.5793483 1045.949025 1147.119949 1230.963175 1362.360829 1433.949880 1727.455699 2024.923907 2234.783628 2724.081880 3388.346287 3911.211344 4253.824647 4733.861183 4905.927011 6072.628233 6509.089293 6725.992579 7178.476792 7909.072567 7982.767463 11340.66819 12390.82395 18019.68553 19968.95786 28391.74779 56483.31926 119122.3530 183087.6098 247638.5020 287961.3736 506106.6053 702895158.9
