    unsorted:	 2958.344060 2906.392437 2977.005184 3031.121307 2805.431942 2742.282341 2662.464620 2551.460052 2525.353069 2443.151518 2419.113562 2303.383817 3100.433738 3166.587827 2220.848628 2028.658606 2039.076413 1971.521851 1879.141158 3385.472971 1699.359923 1661.717246 1451.250920 1546.124027 1434.128241 3507.889882 3709.598243 3798.842007 1131.772480 962.0630119 0.005092435596 4160.714652 560.0058779 35.39747640 0.02038482197 129.1125603 145.5321529 333.6046888 4272.113989 4460.298844 4952.589137 5508.535295 6290.651832 7767.057373 11690.94117 21324.66220 34736.54144 64800.99942 119693.3975 192005.8263 290109.7879 626256.3345
      sorted:	 0.005092435596 0.02038482197 35.39747640 129.1125603 145.5321529 333.6046888 560.0058779 962.0630119 1131.772480 1434.128241 1451.250920 1546.124027 1661.717246 1699.359923 1879.141158 1971.521851 2028.658606 2039.076413 2220.848628 2303.383817 2419.113562 2443.151518 2525.353069 2551.460052 2662.464620 2742.282341 2805.431942 2906.392437 2958.344060 2977.005184 3031.121307 3100.433738 3166.587827 3385.472971 3507.889882 3709.598243 3798.842007 4160.714652 4272.113989 4460.298844 4952.589137 5508.535295 6290.651832 7767.057373 11690.94117 21324.66220 34736.54144 64800.99942 119693.3975 192005.8263 290109.7879 626256.3345
