    unsorted:	 2822.010454 2782.241788 2741.028023 3100.325653 3235.894439 3350.435472 2217.940844 2065.975834 2030.539100 1696.535571 1549.051574 4098.237849 4214.409032 4428.588390 4719.648117 5069.765266 4984.665032 5403.245542 5615.753960 1197.575257 1133.692851 5894.276961 853.5614375 505.2387811 6492.188462 6657.748062 6839.179384 172.8553387 0.005169884642 7594.433245 8866.838083 9282.012316 10090.14103 10289.31398 11715.77401 12085.05376 13189.72915 14443.49877 17528.28218 22767.66546 23647.86995 29559.29663 34042.12355 32465.86097 37155.01510 83764.69684 90662.61130 118954.0654 149213.7000 235532.2193 4427611.225
      sorted:	 0.005169884642 172.8553387 505.2387811 853.5614375 1133.692851 1197.575257 1549.051574 1696.535571 2030.539100 2065.975834 2217.940844 2741.028023 2782.241788 2822.010454 3100.325653 3235.894439 3350.435472 4098.237849 4214.409032 4428.588390 4719.648117 4984.665032 5069.765266 5403.245542 5615.753960 5894.276961 6492.188462 6657.748062 6839.179384 7594.433245 8866.838083 9282.012316 10090.14103 10289.31398 11715.77401 12085.05376 13189.72915 14443.49877 17528.28218 22767.66546 23647.86995 29559.29663 32465.86097 34042.12355 37155.01510 83764.69684 90662.61130 118954.0654 149213.7000 235532.2193 4427611.225
