    unsorted:	 2651.393014 2608.744903 2460.294254 2433.941301 2946.206865 3018.062381 3189.415907 3177.473318 2181.112102 3835.096291 1817.548838 4072.736445 4279.694078 4398.105198 4656.798377 4967.205074 1483.812835 1156.108517 0.004970830157 867.7574212 756.3797240 0.02163034535 515.9191924 173.2651242 5244.619570 5680.893306 6063.343375 6416.772009 6752.797167 7153.040433 7468.679184 7922.237488 9848.849855 10528.01566 11451.34087 12178.30936 13450.32871 15613.62098 18461.82224 19757.40924 22213.24511 34024.26560 34111.34536 31239.41453 38233.74318 41313.01243 73887.43935 104633.5916 134828.1956 148662.5405 229231.5160 5580488.670
      sorted:	 0.004970830157 0.02163034535 173.2651242 515.9191924 756.3797240 867.7574212 1156.108517 1483.812835 1817.548838 2181.112102 2433.941301 2460.294254 2608.744903 2651.393014 2946.206865 3018.062381 3177.473318 3189.415907 3835.096291 4072.736445 4279.694078 4398.105198 4656.798377 4967.205074 5244.619570 5680.893306 6063.343375 6416.772009 6752.797167 7153.040433 7468.679184 7922.237488 9848.849855 10528.01566 11451.34087 12178.30936 13450.32871 15613.62098 18461.82224 19757.40924 22213.24511 31239.41453 34024.26560 34111.34536 38233.74318 41313.01243 73887.43935 104633.5916 134828.1956 148662.5405 229231.5160 5580488.670
