    unsorted:	 1550.227516 1548.565806 1508.471302 1464.695941 1432.338205 1408.451105 1385.507419 1331.681178 1233.929646 1726.658081 1685.977904 1802.694547 1172.270892 1885.141109 1956.095017 1064.968707 979.0713458 971.4377029 2171.739201 2069.579848 2211.510355 2271.131100 877.7932724 2463.519865 2497.078853 2614.028584 2663.422462 2690.576571 691.3181765 585.3478290 0.005861117610 1.931841192 0.09967166182 41.43152201 41.34717632 14.32632300 464.1432754 112.6475072 308.4439105 256.2635282 2831.620481 3065.849003 3095.997443 3556.944031 4876.287335 5599.648087 12868.46855 33952.53970 61039.33765 193776.6963 280843.2313 418579.0419
      sorted:	 0.005861117610 0.09967166182 1.931841192 14.32632300 41.34717632 41.43152201 112.6475072 256.2635282 308.4439105 464.1432754 585.3478290 691.3181765 877.7932724 971.4377029 979.0713458 1064.968707 1172.270892 1233.929646 1331.681178 1385.507419 1408.451105 1432.338205 1464.695941 1508.471302 1548.565806 1550.227516 1685.977904 1726.658081 1802.694547 1885.141109 1956.095017 2069.579848 2171.739201 2211.510355 2271.131100 2463.519865 2497.078853 2614.028584 2663.422462 2690.576571 2831.620481 3065.849003 3095.997443 3556.944031 4876.287335 5599.648087 12868.46855 33952.53970 61039.33765 193776.6963 280843.2313 418579.0419
