    unsorted:	 1522.388311 2058.541085 1940.070393 1904.178359 1975.510694 1874.659606 1847.169755 2077.102726 1767.994670 2164.028696 2202.284047 2238.594892 2295.666945 1658.882924 1601.860828 1514.786916 1455.730499 1448.772878 1408.262599 1387.485808 2434.256020 2482.303128 2518.213730 2527.379215 1112.095017 1060.281771 1000.613780 2731.421460 2851.110519 2802.669791 824.4482814 760.5703151 2956.032433 0.005912437566 1.466055353 0.09695881172 444.3851613 379.1633871 322.0044807 45.83434903 3367.362257 4101.787549 5156.537057 5409.620881 11297.97137 15416.87144 34258.26647 46176.53649 61048.27686 193730.3185 281203.9040 418756.4934
      sorted:	 0.005912437566 0.09695881172 1.466055353 45.83434903 322.0044807 379.1633871 444.3851613 760.5703151 824.4482814 1000.613780 1060.281771 1112.095017 1387.485808 1408.262599 1448.772878 1455.730499 1514.786916 1522.388311 1601.860828 1658.882924 1767.994670 1847.169755 1874.659606 1904.178359 1940.070393 1975.510694 2058.541085 2077.102726 2164.028696 2202.284047 2238.594892 2295.666945 2434.256020 2482.303128 2518.213730 2527.379215 2731.421460 2802.669791 2851.110519 2956.032433 3367.362257 4101.787549 5156.537057 5409.620881 11297.97137 15416.87144 34258.26647 46176.53649 61048.27686 193730.3185 281203.9040 418756.4934
