    unsorted:	 2635.052024 2619.184951 2669.353364 2580.801438 2468.503187 2349.490330 2276.702739 2801.708747 2861.894906 2904.774731 2046.492579 2115.120881 1985.079225 1884.462534 1862.861343 1788.126921 1493.718324 3015.431697 1605.037162 1570.606419 3225.355071 1369.014344 3353.444997 1199.447757 3499.102864 3561.196222 1110.624406 3753.147941 866.5103405 850.7279735 3859.962839 303.7555702 310.5377800 0.005128570068 498.9815034 127.0582612 0.02056534731 4222.392787 4269.951252 4603.502140 5080.410281 6243.686999 8485.719476 16957.35886 20749.64164 34810.25001 55861.24991 64320.80249 117188.5239 190561.3075 308168.7657 581710.9140
      sorted:	 0.005128570068 0.02056534731 127.0582612 303.7555702 310.5377800 498.9815034 850.7279735 866.5103405 1110.624406 1199.447757 1369.014344 1493.718324 1570.606419 1605.037162 1788.126921 1862.861343 1884.462534 1985.079225 2046.492579 2115.120881 2276.702739 2349.490330 2468.503187 2580.801438 2619.184951 2635.052024 2669.353364 2801.708747 2861.894906 2904.774731 3015.431697 3225.355071 3353.444997 3499.102864 3561.196222 3753.147941 3859.962839 4222.392787 4269.951252 4603.502140 5080.410281 6243.686999 8485.719476 16957.35886 20749.64164 34810.25001 55861.24991 64320.80249 117188.5239 190561.3075 308168.7657 581710.9140
