    unsorted:	 3309.543649 3344.557432 3454.084375 3491.011544 3566.416521 3224.336851 3641.281305 2994.917087 2968.888322 2908.877466 3737.375974 2710.305995 2464.366114 2185.749329 2154.033910 2219.932125 2061.289411 2002.162323 1914.796028 1710.906726 4105.034305 1615.952749 1412.166509 4246.421906 4395.853300 4440.523900 1140.031496 1049.928477 0.005044699497 5062.644065 507.1721001 397.2416919 108.3638508 0.01981305944 5243.381996 5337.098271 6523.873303 6579.823589 7686.914225 8666.523011 9667.212922 12827.72264 16583.06397 17572.10655 31087.68290 34833.01592 62148.91054 74292.34818 134450.6880 184066.9765 307524.8306 1067313.991
      sorted:	 0.005044699497 0.01981305944 108.3638508 397.2416919 507.1721001 1049.928477 1140.031496 1412.166509 1615.952749 1710.906726 1914.796028 2002.162323 2061.289411 2154.033910 2185.749329 2219.932125 2464.366114 2710.305995 2908.877466 2968.888322 2994.917087 3224.336851 3309.543649 3344.557432 3454.084375 3491.011544 3566.416521 3641.281305 3737.375974 4105.034305 4246.421906 4395.853300 4440.523900 5062.644065 5243.381996 5337.098271 6523.873303 6579.823589 7686.914225 8666.523011 9667.212922 12827.72264 16583.06397 17572.10655 31087.68290 34833.01592 62148.91054 74292.34818 134450.6880 184066.9765 307524.8306 1067313.991
