    unsorted:	 3309.543643 3344.557440 3454.084377 3491.011541 3566.416514 3224.336847 3641.281305 2994.917093 2968.888320 2908.877461 3737.375970 2710.305989 2464.366116 2185.749327 2154.033907 2219.932167 2061.289408 2002.162325 1914.796042 1710.906725 1615.952749 1412.534811 4105.034302 4246.421927 4395.853343 4440.523889 1140.031698 1049.928700 0.005042175537 507.1721007 397.2416930 0.01981672158 108.3638477 5062.644096 5243.382027 5337.098299 6523.873300 6579.823586 7686.914276 8666.524183 9667.213502 12827.72261 16583.05985 17572.10446 31087.68161 34833.01592 62148.91038 74292.34693 134450.6733 184066.9761 307524.8305 1067313.990
      sorted:	 0.005042175537 0.01981672158 108.3638477 397.2416930 507.1721007 1049.928700 1140.031698 1412.534811 1615.952749 1710.906725 1914.796042 2002.162325 2061.289408 2154.033907 2185.749327 2219.932167 2464.366116 2710.305989 2908.877461 2968.888320 2994.917093 3224.336847 3309.543643 3344.557440 3454.084377 3491.011541 3566.416514 3641.281305 3737.375970 4105.034302 4246.421927 4395.853343 4440.523889 5062.644096 5243.382027 5337.098299 6523.873300 6579.823586 7686.914276 8666.524183 9667.213502 12827.72261 16583.05985 17572.10446 31087.68161 34833.01592 62148.91038 74292.34693 134450.6733 184066.9761 307524.8305 1067313.990
