    unsorted:	 1.870659313e-05 0.004950951903 16722.13533 17220.57245 16421.80172 15664.90893 15295.64478 15036.59768 14787.89589 17920.99723 14011.29399 13280.52821 12697.02025 19195.21170 12158.77940 20568.40638 20251.76560 20965.77322 21356.99501 22081.19010 23217.91688 9475.241192 8889.062553 0.02260662505 6739.462094 25611.33884 4850.120816 4065.730964 3372.226856 2930.410097 187.4655457 1791.710431 26760.35264 29841.78861 33950.26089 38164.72814 40859.69865 44552.03123 49499.48591 51929.33509 59275.07166 65706.24154 72763.48190 82546.93469 97817.27323 113765.3311 120788.9130 132656.5893 151795.6278 171158.7720 247219.1216 263681.8288 797849.3484 9511652.487
      sorted:	 1.870659313e-05 0.004950951903 0.02260662505 187.4655457 1791.710431 2930.410097 3372.226856 4065.730964 4850.120816 6739.462094 8889.062553 9475.241192 12158.77940 12697.02025 13280.52821 14011.29399 14787.89589 15036.59768 15295.64478 15664.90893 16421.80172 16722.13533 17220.57245 17920.99723 19195.21170 20251.76560 20568.40638 20965.77322 21356.99501 22081.19010 23217.91688 25611.33884 26760.35264 29841.78861 33950.26089 38164.72814 40859.69865 44552.03123 49499.48591 51929.33509 59275.07166 65706.24154 72763.48190 82546.93469 97817.27323 113765.3311 120788.9130 132656.5893 151795.6278 171158.7720 247219.1216 263681.8288 797849.3484 9511652.487
