    unsorted:	 0.03380641812 0.01087724734 1465.028677 1386.373646 1289.183574 1214.563127 1014.065282 990.7718643 877.1774562 1799.736442 697.8303651 1941.854060 452.6345441 389.3825997 -24.94120793 2119.395770 114.5686900 2279.191681 2386.095692 2513.010231 2587.352250 -307.3199030 3003.689566 3295.308122 -673.0071959 -770.4886930 3845.622854 3958.469954 4097.292299 4319.445979 -1454.049032 5876.434130 6616.362511 7214.455672 8646.784106 10965.68900 11934.24881 12735.87698 14316.83500 19491.35374 21678.21750 33676.20936 -26278.78437 36109.31764 54676.41623 -50350.01405 -112584.3360 147972.4237 187883.5123 263654.6517 407643.1982 -4316891.166
      sorted:	 -4316891.166 -112584.3360 -50350.01405 -26278.78437 -1454.049032 -770.4886930 -673.0071959 -307.3199030 -24.94120793 0.01087724734 0.03380641812 114.5686900 389.3825997 452.6345441 697.8303651 877.1774562 990.7718643 1014.065282 1214.563127 1289.183574 1386.373646 1465.028677 1799.736442 1941.854060 2119.395770 2279.191681 2386.095692 2513.010231 2587.352250 3003.689566 3295.308122 3845.622854 3958.469954 4097.292299 4319.445979 5876.434130 6616.362511 7214.455672 8646.784106 10965.68900 11934.24881 12735.87698 14316.83500 19491.35374 21678.21750 33676.20936 36109.31764 54676.41623 147972.4237 187883.5123 263654.6517 407643.1982
