    unsorted:	 2887.922515 3021.775825 3162.067040 3302.751602 3450.986080 2614.246917 2506.676139 2182.552423 1977.401852 1947.663883 3869.202028 3975.939530 1692.945582 4438.124448 1232.924010 1223.013117 4870.527337 5155.597026 5825.485683 525.4222366 6339.234958 7319.267721 7637.546924 0.005152045522 8514.832994 8906.262659 9345.504941 11758.25979 12338.97719 12887.52380 13536.65035 14230.72043 15177.08356 19714.90693 23827.18502 25270.52783 39421.95746 42530.79371 45378.92882 57750.63391 97207.95119 107744.7753 121153.3587 143396.0968 254055.6103 5198235.484
      sorted:	 0.005152045522 525.4222366 1223.013117 1232.924010 1692.945582 1947.663883 1977.401852 2182.552423 2506.676139 2614.246917 2887.922515 3021.775825 3162.067040 3302.751602 3450.986080 3869.202028 3975.939530 4438.124448 4870.527337 5155.597026 5825.485683 6339.234958 7319.267721 7637.546924 8514.832994 8906.262659 9345.504941 11758.25979 12338.97719 12887.52380 13536.65035 14230.72043 15177.08356 19714.90693 23827.18502 25270.52783 39421.95746 42530.79371 45378.92882 57750.63391 97207.95119 107744.7753 121153.3587 143396.0968 254055.6103 5198235.484
