    unsorted:	 0.006085214745 1240.354441 1232.561016 1214.067278 1179.878370 1367.226499 1491.071416 1563.669236 1633.239816 1746.824190 1860.998279 1938.400744 1950.402782 1988.167861 2084.981762 929.2382357 909.9929405 750.1202186 718.3990867 680.5182104 628.6821017 596.8335669 581.9258473 541.9479441 2196.315102 2266.484291 275.2925346 242.1077101 171.5145042 19.01444940 11.10967844 2396.388532 -124.7803147 2524.118006 2712.742077 -484.2091380 3096.396786 3214.994932 3361.313393 4604.262126 5088.680596 6239.535551 8913.590599 14128.35415 33757.60659 36923.72078 59962.11960 183350.2486 257603.2287 391301.6967 -482344.4899 733184.0246
      sorted:	 -482344.4899 -484.2091380 -124.7803147 0.006085214745 11.10967844 19.01444940 171.5145042 242.1077101 275.2925346 541.9479441 581.9258473 596.8335669 628.6821017 680.5182104 718.3990867 750.1202186 909.9929405 929.2382357 1179.878370 1214.067278 1232.561016 1240.354441 1367.226499 1491.071416 1563.669236 1633.239816 1746.824190 1860.998279 1938.400744 1950.402782 1988.167861 2084.981762 2196.315102 2266.484291 2396.388532 2524.118006 2712.742077 3096.396786 3214.994932 3361.313393 4604.262126 5088.680596 6239.535551 8913.590599 14128.35415 33757.60659 36923.72078 59962.11960 183350.2486 257603.2287 391301.6967 733184.0246
