    unsorted:	 3309.543643 3344.557465 3454.084399 3491.011551 3566.416516 3224.336860 3641.281309 2994.917109 2968.888328 2908.877465 3737.375967 2710.305991 2464.366126 2185.749326 2154.033904 2219.932245 2061.289409 2002.162329 1914.796072 1710.906725 1615.952749 1412.202322 4105.034298 4246.421996 4395.853456 4440.523902 1140.031984 1049.928989 0.005046693180 507.1720989 397.2416910 0.01975151072 108.3638487 5062.644135 5243.382093 5337.098273 6523.873310 6579.823610 7686.914294 8666.525717 9667.213828 12827.72244 16583.04945 17572.09995 31087.67932 34833.01592 62148.91015 74292.34373 134450.6403 184066.9753 307524.8302 1067313.991
      sorted:	 0.005046693180 0.01975151072 108.3638487 397.2416910 507.1720989 1049.928989 1140.031984 1412.202322 1615.952749 1710.906725 1914.796072 2002.162329 2061.289409 2154.033904 2185.749326 2219.932245 2464.366126 2710.305991 2908.877465 2968.888328 2994.917109 3224.336860 3309.543643 3344.557465 3454.084399 3491.011551 3566.416516 3641.281309 3737.375967 4105.034298 4246.421996 4395.853456 4440.523902 5062.644135 5243.382093 5337.098273 6523.873310 6579.823610 7686.914294 8666.525717 9667.213828 12827.72244 16583.04945 17572.09995 31087.67932 34833.01592 62148.91015 74292.34373 134450.6403 184066.9753 307524.8302 1067313.991
