    unsorted:	 2051.151832 2036.779672 2087.808440 2209.217461 1952.561128 1897.950295 2353.349912 2447.908386 2484.008313 2608.386775 2683.604126 2795.103585 2891.803031 2957.129257 3063.805326 3147.916685 3239.200792 3349.720050 3426.618176 3435.952190 1704.213379 1599.265716 1355.831940 3733.460085 3834.335678 1097.083452 950.8211116 857.6308849 0.005089090447 362.6539438 76.26308928 0.02025522563 163.8561386 330.1896639 549.9951714 4035.200867 4164.784909 4460.926622 5399.797518 5737.556725 6495.342634 6523.424643 7363.640582 13875.35220 23580.98882 34903.25516 37976.90757 66836.97171 125762.8579 201610.3552 301722.2374 639253.5120
      sorted:	 0.005089090447 0.02025522563 76.26308928 163.8561386 330.1896639 362.6539438 549.9951714 857.6308849 950.8211116 1097.083452 1355.831940 1599.265716 1704.213379 1897.950295 1952.561128 2036.779672 2051.151832 2087.808440 2209.217461 2353.349912 2447.908386 2484.008313 2608.386775 2683.604126 2795.103585 2891.803031 2957.129257 3063.805326 3147.916685 3239.200792 3349.720050 3426.618176 3435.952190 3733.460085 3834.335678 4035.200867 4164.784909 4460.926622 5399.797518 5737.556725 6495.342634 6523.424643 7363.640582 13875.35220 23580.98882 34903.25516 37976.90757 66836.97171 125762.8579 201610.3552 301722.2374 639253.5120
