    unsorted:	 15050.46969 15021.57882 14721.33192 14640.96386 13881.22108 13637.66681 15873.07999 12648.94434 12404.58830 17411.30991 17174.89163 11383.52535 19453.24923 19902.15543 20316.76053 20665.12237 20760.03465 21658.95981 9338.765211 23590.39211 24839.78872 25538.55096 0.004954698464 7096.336229 27525.16198 4952.089434 4218.399497 3769.524082 0.02155160026 186.8425098 1433.501961 33942.22176 33606.34250 35461.45378 41476.31611 44702.47877 46141.76537 54207.22233 57190.37335 59831.14309 68597.00205 79912.99473 87013.50102 107529.1111 111929.3014 138440.8144 160143.3295 180583.9078 216003.9740 252651.4968 791765.3044 11901300.29
      sorted:	 0.004954698464 0.02155160026 186.8425098 1433.501961 3769.524082 4218.399497 4952.089434 7096.336229 9338.765211 11383.52535 12404.58830 12648.94434 13637.66681 13881.22108 14640.96386 14721.33192 15021.57882 15050.46969 15873.07999 17174.89163 17411.30991 19453.24923 19902.15543 20316.76053 20665.12237 20760.03465 21658.95981 23590.39211 24839.78872 25538.55096 27525.16198 33606.34250 33942.22176 35461.45378 41476.31611 44702.47877 46141.76537 54207.22233 57190.37335 59831.14309 68597.00205 79912.99473 87013.50102 107529.1111 111929.3014 138440.8144 160143.3295 180583.9078 216003.9740 252651.4968 791765.3044 11901300.29
