    unsorted:	 1552.961156 1548.566004 1508.472894 1464.697631 1432.338641 1408.451210 1385.507512 1331.681180 1233.929641 1726.658072 1685.977917 1802.694537 1172.270889 1885.141112 1956.095009 1064.968700 979.0713206 971.4376699 2171.739203 2069.579837 2211.510308 2271.131097 877.7913137 2463.519862 2497.078845 2614.028567 2663.422471 2690.576590 691.3181609 585.3478247 0.005845781575 1.932308009 0.09966379428 41.42963418 41.35577256 14.32764337 112.6475009 464.1432628 308.4439092 256.2635285 2831.620458 3065.848988 3095.997489 3556.944011 4876.287486 5599.643446 12868.48866 33952.53968 61039.33764 193776.6963 280843.2312 418579.0418
      sorted:	 0.005845781575 0.09966379428 1.932308009 14.32764337 41.35577256 41.42963418 112.6475009 256.2635285 308.4439092 464.1432628 585.3478247 691.3181609 877.7913137 971.4376699 979.0713206 1064.968700 1172.270889 1233.929641 1331.681180 1385.507512 1408.451210 1432.338641 1464.697631 1508.472894 1548.566004 1552.961156 1685.977917 1726.658072 1802.694537 1885.141112 1956.095009 2069.579837 2171.739203 2211.510308 2271.131097 2463.519862 2497.078845 2614.028567 2663.422471 2690.576590 2831.620458 3065.848988 3095.997489 3556.944011 4876.287486 5599.643446 12868.48866 33952.53968 61039.33764 193776.6963 280843.2312 418579.0418
