    unsorted:	 3309.543604 3344.557430 3454.084381 3491.011526 3566.416538 3224.336865 3641.281290 2994.917094 2968.888314 2908.877427 3737.375967 2710.305994 2464.366157 2185.749336 2154.033911 2219.932179 2061.289421 2002.162353 1914.796088 1710.906723 1615.952754 1415.449876 4105.034272 4246.421985 4395.853420 4440.523875 1140.031762 1049.928741 0.005047192949 507.1720960 397.2416793 0.01988618003 108.3638455 5062.644034 5243.382030 5337.098161 6523.873224 6579.823548 7686.914133 8666.524248 9667.212759 12827.72228 16583.05173 17572.10170 31087.67957 34833.01592 62148.90970 74292.34352 134450.6477 184066.9756 307524.8302 1067313.975
      sorted:	 0.005047192949 0.01988618003 108.3638455 397.2416793 507.1720960 1049.928741 1140.031762 1415.449876 1615.952754 1710.906723 1914.796088 2002.162353 2061.289421 2154.033911 2185.749336 2219.932179 2464.366157 2710.305994 2908.877427 2968.888314 2994.917094 3224.336865 3309.543604 3344.557430 3454.084381 3491.011526 3566.416538 3641.281290 3737.375967 4105.034272 4246.421985 4395.853420 4440.523875 5062.644034 5243.382030 5337.098161 6523.873224 6579.823548 7686.914133 8666.524248 9667.212759 12827.72228 16583.05173 17572.10170 31087.67957 34833.01592 62148.90970 74292.34352 134450.6477 184066.9756 307524.8302 1067313.975
