    unsorted:	 2976.828003 2740.360937 2816.054764 2695.667665 2562.426913 3253.773966 3325.707280 2255.483549 2102.937478 3653.140422 3995.255504 1762.627483 4434.834558 4678.521512 4645.928277 0.004993478680 1253.712015 926.2541987 1066.540702 690.3407965 0.01949096997 543.2888076 5450.693298 5683.641311 5944.624590 6036.197025 7007.969226 7282.132760 8104.193223 8617.175886 9268.541940 10569.05183 11376.76754 12201.80850 13777.85374 14191.14143 15174.21697 16829.78090 17612.75001 18401.60630 20938.90956 22446.02383 26046.47509 33054.60645 34997.02565 49461.35509 82866.66121 116390.5923 155628.1085 207739.6588 306987.9645 2797992.928
      sorted:	 0.004993478680 0.01949096997 543.2888076 690.3407965 926.2541987 1066.540702 1253.712015 1762.627483 2102.937478 2255.483549 2562.426913 2695.667665 2740.360937 2816.054764 2976.828003 3253.773966 3325.707280 3653.140422 3995.255504 4434.834558 4645.928277 4678.521512 5450.693298 5683.641311 5944.624590 6036.197025 7007.969226 7282.132760 8104.193223 8617.175886 9268.541940 10569.05183 11376.76754 12201.80850 13777.85374 14191.14143 15174.21697 16829.78090 17612.75001 18401.60630 20938.90956 22446.02383 26046.47509 33054.60645 34997.02565 49461.35509 82866.66121 116390.5923 155628.1085 207739.6588 306987.9645 2797992.928
