    unsorted:	 0.06521664860 -2.151684602 -21.37996119 29.54240642 177.1203894 -189.3100062 -336.4166790 -463.7064256 -566.5908217 -590.1410724 -601.1497833 -664.3909881 576.2055161 -1008.951980 1081.111255 1393.256921 1726.751967 1915.910729 2171.230701 2492.401208 2596.052646 2764.548780 3017.441659 3460.994414 3674.657040 4137.918101 -2419.709687 4933.773594 5403.349552 5846.537157 6527.487215 7860.199493 8629.618799 9752.969492 9979.896116 -5337.962848 14920.48615 15709.84854 16109.43854 19061.78418 -15086.90689 25777.69619 33051.45484 32657.82387 53725.23234 120223.3657 183802.7715 209239.5113 227987.6502 1029377.372 -9753371935. 9767814129.
      sorted:	 -9753371935. -15086.90689 -5337.962848 -2419.709687 -1008.951980 -664.3909881 -601.1497833 -590.1410724 -566.5908217 -463.7064256 -336.4166790 -189.3100062 -21.37996119 -2.151684602 0.06521664860 29.54240642 177.1203894 576.2055161 1081.111255 1393.256921 1726.751967 1915.910729 2171.230701 2492.401208 2596.052646 2764.548780 3017.441659 3460.994414 3674.657040 4137.918101 4933.773594 5403.349552 5846.537157 6527.487215 7860.199493 8629.618799 9752.969492 9979.896116 14920.48615 15709.84854 16109.43854 19061.78418 25777.69619 32657.82387 33051.45484 53725.23234 120223.3657 183802.7715 209239.5113 227987.6502 1029377.372 9767814129.
