    unsorted:	 2976.828105 2740.360922 2816.054761 2695.667633 2562.426852 3253.773978 3325.707258 2255.483546 2102.937487 3653.140455 3995.255532 1762.627467 4434.834501 4678.521448 4645.928110 0.005004161191 1253.711985 926.2542063 1066.540172 690.3407897 0.01924443818 543.2888025 5450.693263 5683.641285 5944.624453 6036.197004 7007.969127 7282.132546 8104.193275 8617.175852 9268.541901 10569.05148 11376.76720 12201.80884 13777.85387 14191.14069 15174.21762 16829.78110 17612.75031 18401.60597 20938.91224 22446.03371 26046.47522 33054.60660 34997.02565 49461.35520 82866.66077 116390.5957 155628.1436 207739.6602 306987.9653 2797992.932
      sorted:	 0.005004161191 0.01924443818 543.2888025 690.3407897 926.2542063 1066.540172 1253.711985 1762.627467 2102.937487 2255.483546 2562.426852 2695.667633 2740.360922 2816.054761 2976.828105 3253.773978 3325.707258 3653.140455 3995.255532 4434.834501 4645.928110 4678.521448 5450.693263 5683.641285 5944.624453 6036.197004 7007.969127 7282.132546 8104.193275 8617.175852 9268.541901 10569.05148 11376.76720 12201.80884 13777.85387 14191.14069 15174.21762 16829.78110 17612.75031 18401.60597 20938.91224 22446.03371 26046.47522 33054.60660 34997.02565 49461.35520 82866.66077 116390.5957 155628.1436 207739.6602 306987.9653 2797992.932
