    unsorted:	 2.750824017 458.1600502 458.4129785 473.9920742 367.6145702 398.3011956 319.5977754 269.9165043 159.2922250 635.4009471 745.5917453 881.2378033 897.9333894 61.15496470 -0.2481015802 -149.2682564 -207.7746945 -258.9456371 -271.4902369 -285.1843556 1233.751894 1321.523058 1380.856874 1564.552852 1696.146935 1804.011451 1817.281496 1892.024367 2036.801971 -878.4423710 2667.993364 2773.664096 3065.952949 3157.415106 3307.207630 3687.551086 4105.045817 4732.164328 5069.819434 5763.425522 7129.286894 7528.044172 12156.59580 16295.45275 24175.53151 27375.41150 55413.83438 199819.7185 284883.9134 402986.4913 -965662635.8 965812585.3
      sorted:	 -965662635.8 -878.4423710 -285.1843556 -271.4902369 -258.9456371 -207.7746945 -149.2682564 -0.2481015802 2.750824017 61.15496470 159.2922250 269.9165043 319.5977754 367.6145702 398.3011956 458.1600502 458.4129785 473.9920742 635.4009471 745.5917453 881.2378033 897.9333894 1233.751894 1321.523058 1380.856874 1564.552852 1696.146935 1804.011451 1817.281496 1892.024367 2036.801971 2667.993364 2773.664096 3065.952949 3157.415106 3307.207630 3687.551086 4105.045817 4732.164328 5069.819434 5763.425522 7129.286894 7528.044172 12156.59580 16295.45275 24175.53151 27375.41150 55413.83438 199819.7185 284883.9134 402986.4913 965812585.3
