    unsorted:	 3309.543637 3344.557362 3454.084313 3491.011503 3566.416496 3224.336847 3641.281264 2994.917051 2968.888290 2908.877446 3737.375955 2710.305999 2464.366072 2185.749332 2154.033899 2219.931863 2061.289409 2002.162305 1914.795934 1710.906724 1615.952746 1412.255409 4105.034293 4246.421698 4395.852957 4440.523871 1140.030367 1049.927262 0.005051324306 507.1720972 397.2416898 0.01963998779 108.3638505 5062.643905 5243.381780 5337.098203 6523.873289 6579.823553 7686.914031 8666.516766 9667.210440 12827.72302 16583.09351 17572.12056 31087.69172 34833.01592 62148.91147 74292.35778 134450.7907 184066.9791 307524.8314 1067313.995
      sorted:	 0.005051324306 0.01963998779 108.3638505 397.2416898 507.1720972 1049.927262 1140.030367 1412.255409 1615.952746 1710.906724 1914.795934 2002.162305 2061.289409 2154.033899 2185.749332 2219.931863 2464.366072 2710.305999 2908.877446 2968.888290 2994.917051 3224.336847 3309.543637 3344.557362 3454.084313 3491.011503 3566.416496 3641.281264 3737.375955 4105.034293 4246.421698 4395.852957 4440.523871 5062.643905 5243.381780 5337.098203 6523.873289 6579.823553 7686.914031 8666.516766 9667.210440 12827.72302 16583.09351 17572.12056 31087.69172 34833.01592 62148.91147 74292.35778 134450.7907 184066.9791 307524.8314 1067313.995
