    unsorted:	 2274.096498 2334.593395 2214.688507 2404.115597 2139.658040 2119.898285 2509.123101 2583.600981 1963.663528 2785.082505 2757.540109 2819.955572 1897.460041 3044.450407 3090.639811 3083.674831 3213.612106 1711.008324 3319.896002 3384.202695 1577.487359 1541.355280 1251.913093 0.01087903694 0.2054329688 1087.831850 1042.366250 3939.237909 4078.412611 4297.558951 670.4182771 79.73111468 316.8127335 -153.7405001 4486.829829 4616.298680 4787.581560 5036.601647 5515.616164 -1009.987429 6993.529746 -2645.228725 8549.576621 11722.44955 17196.78716 24080.09351 33980.05541 65250.24358 144689.5353 203414.3040 285872.7095 632263.1193
      sorted:	 -2645.228725 -1009.987429 -153.7405001 0.01087903694 0.2054329688 79.73111468 316.8127335 670.4182771 1042.366250 1087.831850 1251.913093 1541.355280 1577.487359 1711.008324 1897.460041 1963.663528 2119.898285 2139.658040 2214.688507 2274.096498 2334.593395 2404.115597 2509.123101 2583.600981 2757.540109 2785.082505 2819.955572 3044.450407 3083.674831 3090.639811 3213.612106 3319.896002 3384.202695 3939.237909 4078.412611 4297.558951 4486.829829 4616.298680 4787.581560 5036.601647 5515.616164 6993.529746 8549.576621 11722.44955 17196.78716 24080.09351 33980.05541 65250.24358 144689.5353 203414.3040 285872.7095 632263.1193
