    unsorted:	 3475.905153 3367.378547 3263.629077 3586.219840 3125.941810 3060.446954 3712.647115 2856.753376 2780.383429 2662.865348 3865.068984 3968.954837 2379.007623 2259.453166 2224.092089 2127.483289 2077.733649 1941.105677 4177.830441 4272.039043 4363.478408 1704.119470 4727.759353 0.005022748775 1183.822608 1044.510046 0.01958307625 101.7994126 569.9723068 198.5240540 445.1446803 5232.923648 5473.283375 5801.516207 5994.747094 6539.592337 6680.134366 7584.559639 7955.853128 10048.24926 10641.07874 11291.54781 15146.51778 17453.25124 34916.55049 38553.73877 42777.38594 77056.27205 141812.4702 207410.4293 288285.5100 1321418.496
      sorted:	 0.005022748775 0.01958307625 101.7994126 198.5240540 445.1446803 569.9723068 1044.510046 1183.822608 1704.119470 1941.105677 2077.733649 2127.483289 2224.092089 2259.453166 2379.007623 2662.865348 2780.383429 2856.753376 3060.446954 3125.941810 3263.629077 3367.378547 3475.905153 3586.219840 3712.647115 3865.068984 3968.954837 4177.830441 4272.039043 4363.478408 4727.759353 5232.923648 5473.283375 5801.516207 5994.747094 6539.592337 6680.134366 7584.559639 7955.853128 10048.24926 10641.07874 11291.54781 15146.51778 17453.25124 34916.55049 38553.73877 42777.38594 77056.27205 141812.4702 207410.4293 288285.5100 1321418.496
