    unsorted:	 1682.551396 1728.454626 1858.288582 1873.242439 1895.424729 1927.446942 2002.490250 2100.153380 1566.765639 2407.335992 2517.476344 2708.672966 2697.286053 2746.700144 2828.973700 1353.877764 3011.978729 1126.285993 1090.596716 974.1959147 801.1316106 814.2681579 0.004949813110 622.0754438 507.1472709 3533.607151 3440.486182 3859.678362 3902.272296 -34.16285513 4394.383780 4512.477883 4773.974023 5144.103361 -474.5242198 5514.646284 5551.336531 5876.110724 -2294.548275 7030.330571 8529.837059 -6980.069624 -11878.51045 23949.93657 34132.20287 45706.87740 119503.0028 170465.8692 210013.9705 323859.1137 -2817401676. 2817781372.
      sorted:	 -2817401676. -11878.51045 -6980.069624 -2294.548275 -474.5242198 -34.16285513 0.004949813110 507.1472709 622.0754438 801.1316106 814.2681579 974.1959147 1090.596716 1126.285993 1353.877764 1566.765639 1682.551396 1728.454626 1858.288582 1873.242439 1895.424729 1927.446942 2002.490250 2100.153380 2407.335992 2517.476344 2697.286053 2708.672966 2746.700144 2828.973700 3011.978729 3440.486182 3533.607151 3859.678362 3902.272296 4394.383780 4512.477883 4773.974023 5144.103361 5514.646284 5551.336531 5876.110724 7030.330571 8529.837059 23949.93657 34132.20287 45706.87740 119503.0028 170465.8692 210013.9705 323859.1137 2817781372.
