    unsorted:	 2977.398291 2812.760122 2875.083765 2745.081455 2625.007123 3252.524564 3468.346224 3658.576980 2273.365253 2238.755881 4000.098909 4457.471510 1765.281844 4682.911210 0.004987709787 1292.153670 1146.601814 926.0971932 0.01940126298 705.9195598 632.9843627 5443.208726 5691.963055 5802.355912 5956.856072 6065.985101 7033.695534 7401.252590 8123.956596 8649.817058 9325.034786 10780.77804 11416.35677 12187.25668 13832.18526 14494.88773 15164.64633 16957.45758 17645.16198 18431.57792 21010.74530 22515.70315 26170.20913 34988.58110 33203.86726 49535.69878 82950.77764 117481.2232 155874.3607 208028.5991 307075.9805 2840088.945
      sorted:	 0.004987709787 0.01940126298 632.9843627 705.9195598 926.0971932 1146.601814 1292.153670 1765.281844 2238.755881 2273.365253 2625.007123 2745.081455 2812.760122 2875.083765 2977.398291 3252.524564 3468.346224 3658.576980 4000.098909 4457.471510 4682.911210 5443.208726 5691.963055 5802.355912 5956.856072 6065.985101 7033.695534 7401.252590 8123.956596 8649.817058 9325.034786 10780.77804 11416.35677 12187.25668 13832.18526 14494.88773 15164.64633 16957.45758 17645.16198 18431.57792 21010.74530 22515.70315 26170.20913 33203.86726 34988.58110 49535.69878 82950.77764 117481.2232 155874.3607 208028.5991 307075.9805 2840088.945
