    unsorted:	 2750.105617 2741.738890 2860.499640 2873.474181 2889.258687 2576.505438 2544.522569 2451.816726 2340.396751 2347.389155 2170.189991 2091.692191 1992.262302 1969.111230 1858.667004 3111.596008 3322.691956 3423.773927 3421.005681 3496.981993 3567.104952 1661.301063 1524.776974 1490.654418 1289.986789 916.2659230 1082.575259 850.2519134 0.005243331237 4113.273224 4056.940870 4208.217741 4400.182048 4506.733884 4613.381934 465.4816954 306.9634387 21.16094011 115.7994170 -186.3084998 5022.737823 5639.323426 5940.282721 17697.94614 26826.85976 34591.02666 72374.57223 127166.5157 207772.2212 492111.6213 -2282427493. 2282817674.
      sorted:	 -2282427493. -186.3084998 0.005243331237 21.16094011 115.7994170 306.9634387 465.4816954 850.2519134 916.2659230 1082.575259 1289.986789 1490.654418 1524.776974 1661.301063 1858.667004 1969.111230 1992.262302 2091.692191 2170.189991 2340.396751 2347.389155 2451.816726 2544.522569 2576.505438 2741.738890 2750.105617 2860.499640 2873.474181 2889.258687 3111.596008 3322.691956 3421.005681 3423.773927 3496.981993 3567.104952 4056.940870 4113.273224 4208.217741 4400.182048 4506.733884 4613.381934 5022.737823 5639.323426 5940.282721 17697.94614 26826.85976 34591.02666 72374.57223 127166.5157 207772.2212 492111.6213 2282817674.
