    unsorted:	 3475.905138 3367.378540 3263.629069 3586.219832 3125.941808 3060.446943 3712.647105 2856.753371 2780.383421 2662.865352 3865.068981 3968.954816 2379.007622 2259.453159 2224.092070 2127.483288 2077.733651 1941.105681 4177.830440 4272.039023 4363.478398 1704.119473 4727.759338 0.005016896409 1183.822621 1044.510089 101.7877176 0.01959519444 198.5240404 569.9723134 445.1446738 5232.923730 5473.283397 5801.516258 5994.747102 6539.591716 6680.134297 7584.559716 7955.853193 10048.24964 10641.07874 11291.54790 15146.51797 17453.24786 34916.55049 38553.73875 42777.38537 77056.27068 141812.4622 207410.4290 288285.5100 1321418.510
      sorted:	 0.005016896409 0.01959519444 101.7877176 198.5240404 445.1446738 569.9723134 1044.510089 1183.822621 1704.119473 1941.105681 2077.733651 2127.483288 2224.092070 2259.453159 2379.007622 2662.865352 2780.383421 2856.753371 3060.446943 3125.941808 3263.629069 3367.378540 3475.905138 3586.219832 3712.647105 3865.068981 3968.954816 4177.830440 4272.039023 4363.478398 4727.759338 5232.923730 5473.283397 5801.516258 5994.747102 6539.591716 6680.134297 7584.559716 7955.853193 10048.24964 10641.07874 11291.54790 15146.51797 17453.24786 34916.55049 38553.73875 42777.38537 77056.27068 141812.4622 207410.4290 288285.5100 1321418.510
