    unsorted:	 2965.067584 2810.256114 2728.805398 2679.591251 2540.817361 3249.197165 3314.283509 2250.960593 3619.132466 2089.628246 3940.176443 1760.815317 4323.263073 4490.428397 4645.987558 0.004992726271 1249.977118 924.2985599 1051.796738 689.6948251 0.01944720530 529.5754921 5436.719610 5896.092682 5982.648457 6705.122317 7039.183308 7264.099095 8046.530084 8502.094268 9148.487901 10351.16150 11231.80564 12132.29420 13817.89429 14720.25703 15181.88464 16540.48623 17319.09535 18299.45027 21740.71868 25620.13268 28858.24196 34998.55508 38772.95972 49517.37035 83094.44816 122350.3284 155189.0783 211307.1582 309953.6592 3247334.437
      sorted:	 0.004992726271 0.01944720530 529.5754921 689.6948251 924.2985599 1051.796738 1249.977118 1760.815317 2089.628246 2250.960593 2540.817361 2679.591251 2728.805398 2810.256114 2965.067584 3249.197165 3314.283509 3619.132466 3940.176443 4323.263073 4490.428397 4645.987558 5436.719610 5896.092682 5982.648457 6705.122317 7039.183308 7264.099095 8046.530084 8502.094268 9148.487901 10351.16150 11231.80564 12132.29420 13817.89429 14720.25703 15181.88464 16540.48623 17319.09535 18299.45027 21740.71868 25620.13268 28858.24196 34998.55508 38772.95972 49517.37035 83094.44816 122350.3284 155189.0783 211307.1582 309953.6592 3247334.437
