    unsorted:	 2977.398315 2812.760137 2875.083769 2745.081472 2625.007131 3252.524587 3468.346206 3658.576979 2273.365251 2238.755881 4000.098905 4457.471553 1765.281847 4682.911260 0.004988461174 1292.153684 1146.601954 926.0971958 0.01940922884 705.9195613 632.9843624 5443.208748 5691.963064 5802.356029 5956.856014 6065.985126 7033.695541 7401.252685 8123.956587 8649.817070 9325.034687 10780.77818 11416.35691 12187.25674 13832.18523 14494.88798 15164.64643 16957.45758 17645.16180 18431.57789 21010.74441 22515.69985 26170.20912 34988.58110 33203.86757 49535.69877 82950.77758 117481.2221 155874.3480 208028.5984 307075.9803 2840088.961
      sorted:	 0.004988461174 0.01940922884 632.9843624 705.9195613 926.0971958 1146.601954 1292.153684 1765.281847 2238.755881 2273.365251 2625.007131 2745.081472 2812.760137 2875.083769 2977.398315 3252.524587 3468.346206 3658.576979 4000.098905 4457.471553 4682.911260 5443.208748 5691.963064 5802.356029 5956.856014 6065.985126 7033.695541 7401.252685 8123.956587 8649.817070 9325.034687 10780.77818 11416.35691 12187.25674 13832.18523 14494.88798 15164.64643 16957.45758 17645.16180 18431.57789 21010.74441 22515.69985 26170.20912 33203.86757 34988.58110 49535.69877 82950.77758 117481.2221 155874.3480 208028.5984 307075.9803 2840088.961
