    unsorted:	 0.005003404371 3182.859142 3228.232824 3288.414442 2838.212895 2720.935355 3475.230112 3555.253497 2500.339535 2554.723706 3785.756953 2340.514704 2185.943286 3891.344185 4171.076399 4152.107716 4268.419494 2033.227771 1736.878830 4690.564835 4938.566223 5146.506090 5284.266347 0.01920776104 113.5939466 1222.235502 1032.636781 802.1708047 596.0555783 481.2541300 225.4810418 5561.498635 6418.184491 7250.538921 7686.567204 8462.935314 9109.560099 10590.33035 11386.37406 11787.40084 13719.46767 15617.13404 18110.27646 21554.84311 26582.36419 34925.39662 46909.63859 94066.41518 146364.1889 218875.0869 295840.7027 2145154.727
      sorted:	 0.005003404371 0.01920776104 113.5939466 225.4810418 481.2541300 596.0555783 802.1708047 1032.636781 1222.235502 1736.878830 2033.227771 2185.943286 2340.514704 2500.339535 2554.723706 2720.935355 2838.212895 3182.859142 3228.232824 3288.414442 3475.230112 3555.253497 3785.756953 3891.344185 4152.107716 4171.076399 4268.419494 4690.564835 4938.566223 5146.506090 5284.266347 5561.498635 6418.184491 7250.538921 7686.567204 8462.935314 9109.560099 10590.33035 11386.37406 11787.40084 13719.46767 15617.13404 18110.27646 21554.84311 26582.36419 34925.39662 46909.63859 94066.41518 146364.1889 218875.0869 295840.7027 2145154.727
