    unsorted:	 1552.884220 1548.565825 1508.471431 1464.696070 1432.338234 1408.451112 1385.507425 1331.681175 1233.929639 1726.658081 1685.977900 1802.694544 1172.270887 1885.141106 1956.095018 1064.968706 979.0713429 971.4376984 2171.739194 2069.579833 2211.510356 2271.131079 877.7931005 2463.519853 2497.078850 2614.028585 2663.422455 2690.576569 691.3181751 585.3478180 0.005852972231 1.931383261 0.09965919434 41.43074326 41.35122543 14.32487241 112.6475179 464.1432782 308.4439107 256.2635302 2831.620477 3065.848990 3095.997442 3556.944018 4876.287314 5599.648299 12868.46687 33952.53970 61039.33765 193776.6963 280843.2313 418579.0418
      sorted:	 0.005852972231 0.09965919434 1.931383261 14.32487241 41.35122543 41.43074326 112.6475179 256.2635302 308.4439107 464.1432782 585.3478180 691.3181751 877.7931005 971.4376984 979.0713429 1064.968706 1172.270887 1233.929639 1331.681175 1385.507425 1408.451112 1432.338234 1464.696070 1508.471431 1548.565825 1552.884220 1685.977900 1726.658081 1802.694544 1885.141106 1956.095018 2069.579833 2171.739194 2211.510356 2271.131079 2463.519853 2497.078850 2614.028585 2663.422455 2690.576569 2831.620477 3065.848990 3095.997442 3556.944018 4876.287314 5599.648299 12868.46687 33952.53970 61039.33765 193776.6963 280843.2313 418579.0418
