    unsorted:	 1553.466064 1548.566557 1508.476080 1464.700790 1432.339540 1408.451361 1385.507847 1331.681226 1233.929666 1726.658122 1685.977933 1802.694562 1172.270877 1885.141141 1956.095128 1064.968690 979.0712960 971.4376248 2171.739189 2069.579835 2211.510537 2271.131097 877.7889447 2463.519862 2497.078893 2614.028666 2663.422459 2690.576655 691.3181659 585.3478129 0.005854765585 1.930403603 0.09957553703 41.46775121 41.35128073 14.31878738 112.6475162 464.1432764 308.4439110 256.2635185 2831.620531 3065.848997 3095.997314 3556.943997 4876.286897 5599.667119 12868.40099 33952.53969 61039.33765 193776.6963 280843.2313 418579.0419
      sorted:	 0.005854765585 0.09957553703 1.930403603 14.31878738 41.35128073 41.46775121 112.6475162 256.2635185 308.4439110 464.1432764 585.3478129 691.3181659 877.7889447 971.4376248 979.0712960 1064.968690 1172.270877 1233.929666 1331.681226 1385.507847 1408.451361 1432.339540 1464.700790 1508.476080 1548.566557 1553.466064 1685.977933 1726.658122 1802.694562 1885.141141 1956.095128 2069.579835 2171.739189 2211.510537 2271.131097 2463.519862 2497.078893 2614.028666 2663.422459 2690.576655 2831.620531 3065.848997 3095.997314 3556.943997 4876.286897 5599.667119 12868.40099 33952.53969 61039.33765 193776.6963 280843.2313 418579.0419
