    unsorted:	 3309.543636 3344.557532 3454.084440 3491.011566 3566.416521 3224.336846 3641.281320 2994.917155 2968.888377 2908.877478 3737.376009 2710.305994 2464.366176 2185.749315 2154.033907 2219.932524 2061.289432 2002.162360 1914.796166 1710.906730 4105.034285 1615.952753 1411.681985 4246.422176 4395.853767 4440.523894 1140.033211 1049.930345 0.005047693020 507.1721000 397.2416984 0.01987207796 108.3638395 5062.644271 5243.382301 5337.098379 6523.873310 6579.823623 7686.914582 8666.532888 9667.217326 12827.72229 16583.02211 17572.08620 31087.67009 34833.01592 62148.90915 74292.33501 134450.5445 184066.9727 307524.8297 1067313.984
      sorted:	 0.005047693020 0.01987207796 108.3638395 397.2416984 507.1721000 1049.930345 1140.033211 1411.681985 1615.952753 1710.906730 1914.796166 2002.162360 2061.289432 2154.033907 2185.749315 2219.932524 2464.366176 2710.305994 2908.877478 2968.888377 2994.917155 3224.336846 3309.543636 3344.557532 3454.084440 3491.011566 3566.416521 3641.281320 3737.376009 4105.034285 4246.422176 4395.853767 4440.523894 5062.644271 5243.382301 5337.098379 6523.873310 6579.823623 7686.914582 8666.532888 9667.217326 12827.72229 16583.02211 17572.08620 31087.67009 34833.01592 62148.90915 74292.33501 134450.5445 184066.9727 307524.8297 1067313.984
