    unsorted:	 3475.905189 3367.377662 3263.628132 3586.214745 3125.930889 3060.443205 3712.637705 2856.752714 2780.380050 2662.861103 3865.063795 3968.951497 2378.971791 2259.441714 2224.084476 2127.482885 2077.733696 1941.104791 4177.820946 4272.037368 4363.472031 1704.119431 4727.756838 0.005039252716 1183.759709 1044.243190 0.01944861909 101.7982425 569.9723577 198.5240559 445.1447207 5232.798849 5473.256908 5801.458813 5994.724801 6539.590572 6680.139428 7584.491017 7955.847675 10047.07052 10640.67143 11291.53953 15146.51546 17461.58500 34916.55049 38554.45906 42777.43810 77059.83309 141829.4888 207411.8331 288285.9081 1321419.558
      sorted:	 0.005039252716 0.01944861909 101.7982425 198.5240559 445.1447207 569.9723577 1044.243190 1183.759709 1704.119431 1941.104791 2077.733696 2127.482885 2224.084476 2259.441714 2378.971791 2662.861103 2780.380050 2856.752714 3060.443205 3125.930889 3263.628132 3367.377662 3475.905189 3586.214745 3712.637705 3865.063795 3968.951497 4177.820946 4272.037368 4363.472031 4727.756838 5232.798849 5473.256908 5801.458813 5994.724801 6539.590572 6680.139428 7584.491017 7955.847675 10047.07052 10640.67143 11291.53953 15146.51546 17461.58500 34916.55049 38554.45906 42777.43810 77059.83309 141829.4888 207411.8331 288285.9081 1321419.558
