    unsorted:	 3037.444647 3103.245581 3148.898625 2934.784103 2772.143421 3262.981543 2523.651232 2496.799158 2351.816916 2143.062382 2130.371922 2056.429026 1936.101363 3425.718122 3537.722846 1833.237876 3741.672710 3850.130361 1642.757534 1546.478587 4045.536360 4210.066448 4413.603965 4574.646914 913.8460785 1014.287574 1092.802015 485.4946965 592.9053379 0.005049287897 365.9104087 0.01992476608 4826.877408 5186.954169 5485.313503 6789.411358 7464.250249 8224.720647 8898.317318 9458.826766 15724.58194 17401.89929 18308.38283 34984.92615 33150.56200 43110.02321 65358.86697 81655.60644 139076.9293 192933.2655 331831.2333 1124044.166
      sorted:	 0.005049287897 0.01992476608 365.9104087 485.4946965 592.9053379 913.8460785 1014.287574 1092.802015 1546.478587 1642.757534 1833.237876 1936.101363 2056.429026 2130.371922 2143.062382 2351.816916 2496.799158 2523.651232 2772.143421 2934.784103 3037.444647 3103.245581 3148.898625 3262.981543 3425.718122 3537.722846 3741.672710 3850.130361 4045.536360 4210.066448 4413.603965 4574.646914 4826.877408 5186.954169 5485.313503 6789.411358 7464.250249 8224.720647 8898.317318 9458.826766 15724.58194 17401.89929 18308.38283 33150.56200 34984.92615 43110.02321 65358.86697 81655.60644 139076.9293 192933.2655 331831.2333 1124044.166
