    unsorted:	 2976.828009 2740.360936 2816.054766 2695.667646 2562.426878 3253.773957 3325.707272 2255.483547 2102.937476 3653.140408 3995.255493 1762.627476 4434.834505 4678.521505 4645.928049 0.004993989459 1253.711993 926.2541981 1066.540441 690.3407919 0.01942889428 543.2888006 5450.693292 5683.641306 5944.624579 6036.197011 7007.969205 7282.132621 8104.193218 8617.175810 9268.541598 10569.05150 11376.76744 12201.80811 13777.85374 14191.14107 15174.21666 16829.78081 17612.75011 18401.60618 20938.91058 22446.02748 26046.47524 33054.60664 34997.02565 49461.35507 82866.66075 116390.5917 155628.1164 207739.6594 306987.9645 2797992.928
      sorted:	 0.004993989459 0.01942889428 543.2888006 690.3407919 926.2541981 1066.540441 1253.711993 1762.627476 2102.937476 2255.483547 2562.426878 2695.667646 2740.360936 2816.054766 2976.828009 3253.773957 3325.707272 3653.140408 3995.255493 4434.834505 4645.928049 4678.521505 5450.693292 5683.641306 5944.624579 6036.197011 7007.969205 7282.132621 8104.193218 8617.175810 9268.541598 10569.05150 11376.76744 12201.80811 13777.85374 14191.14107 15174.21666 16829.78081 17612.75011 18401.60618 20938.91058 22446.02748 26046.47524 33054.60664 34997.02565 49461.35507 82866.66075 116390.5917 155628.1164 207739.6594 306987.9645 2797992.928
