    unsorted:	 1973.882636 1990.894658 2067.680963 2141.460696 1898.281349 2276.422601 2407.940265 2532.647249 2789.101371 2896.278852 2988.903014 3143.324607 3211.592938 3304.746819 3424.959424 3516.987722 1331.095052 1261.620021 893.9659141 848.3694782 694.5197407 613.2305295 510.2866300 256.4451164 339.4952733 264.0365367 3752.175531 4037.549069 -10.44204882 4423.245099 4396.702679 4779.360371 5061.043707 6128.397792 6744.304565 6844.403534 7242.779813 8901.977520 11141.72309 15212.41947 18013.10898 25812.66481 34831.05651 41497.43111 63110.77673 74838.69142 112002.4194 -171696.2421 192348.2912 324992.0796 850048.4353 1.140797201e+10
      sorted:	 -171696.2421 -10.44204882 256.4451164 264.0365367 339.4952733 510.2866300 613.2305295 694.5197407 848.3694782 893.9659141 1261.620021 1331.095052 1898.281349 1973.882636 1990.894658 2067.680963 2141.460696 2276.422601 2407.940265 2532.647249 2789.101371 2896.278852 2988.903014 3143.324607 3211.592938 3304.746819 3424.959424 3516.987722 3752.175531 4037.549069 4396.702679 4423.245099 4779.360371 5061.043707 6128.397792 6744.304565 6844.403534 7242.779813 8901.977520 11141.72309 15212.41947 18013.10898 25812.66481 34831.05651 41497.43111 63110.77673 74838.69142 112002.4194 192348.2912 324992.0796 850048.4353 1.140797201e+10
