    unsorted:	 14252.33862 13945.12238 13495.48360 13162.97436 12818.92662 12595.13208 12238.29908 15067.70699 15492.53367 16503.07914 18583.57499 18811.93146 18433.44265 19423.01411 20190.33878 20528.41999 10997.22515 21636.39019 22611.80593 23688.15685 9246.641830 24746.34630 8078.837772 26246.75830 26927.75905 27916.14122 -0.02454963975 -0.2765174600 1.285506124 183.5329146 4135.553538 3817.579450 448.1473153 2425.481840 30266.00500 33946.54622 32988.25464 37639.32712 45022.91531 47881.46956 56114.07110 57649.23117 73477.30172 98640.27996 118263.9276 148511.4090 157765.6234 201300.4561 208384.5754 221134.4140 254479.7072 292875.6168 446994.6967 16314092.74
      sorted:	 -0.2765174600 -0.02454963975 1.285506124 183.5329146 448.1473153 2425.481840 3817.579450 4135.553538 8078.837772 9246.641830 10997.22515 12238.29908 12595.13208 12818.92662 13162.97436 13495.48360 13945.12238 14252.33862 15067.70699 15492.53367 16503.07914 18433.44265 18583.57499 18811.93146 19423.01411 20190.33878 20528.41999 21636.39019 22611.80593 23688.15685 24746.34630 26246.75830 26927.75905 27916.14122 30266.00500 32988.25464 33946.54622 37639.32712 45022.91531 47881.46956 56114.07110 57649.23117 73477.30172 98640.27996 118263.9276 148511.4090 157765.6234 201300.4561 208384.5754 221134.4140 254479.7072 292875.6168 446994.6967 16314092.74
