    unsorted:	 0.02122151812 0.01087833809 1823.720560 1811.852824 1847.573489 1676.581945 1582.803167 1544.289854 1434.086062 1367.675484 1956.600586 1273.478413 2083.640728 1154.594057 2535.564910 2538.950447 2471.943086 2434.065820 995.1918663 858.4049141 810.3889297 726.0646812 2711.082892 2854.651822 2824.560930 2903.922077 3018.066637 3166.085535 207.3214284 300.2667352 32.43379074 -87.50217434 -67.12334892 -164.5917019 3311.874271 3428.531734 3519.820391 4092.375160 4126.284436 4671.680198 -1258.873341 5334.344891 5523.356244 5807.109217 6505.766921 9382.837678 34516.62213 44459.83730 64086.82573 204530.1784 278976.0002 510321.1394
      sorted:	 -1258.873341 -164.5917019 -87.50217434 -67.12334892 0.01087833809 0.02122151812 32.43379074 207.3214284 300.2667352 726.0646812 810.3889297 858.4049141 995.1918663 1154.594057 1273.478413 1367.675484 1434.086062 1544.289854 1582.803167 1676.581945 1811.852824 1823.720560 1847.573489 1956.600586 2083.640728 2434.065820 2471.943086 2535.564910 2538.950447 2711.082892 2824.560930 2854.651822 2903.922077 3018.066637 3166.085535 3311.874271 3428.531734 3519.820391 4092.375160 4126.284436 4671.680198 5334.344891 5523.356244 5807.109217 6505.766921 9382.837678 34516.62213 44459.83730 64086.82573 204530.1784 278976.0002 510321.1394
