    unsorted:	 3304.723018 3344.037510 3445.634930 3482.636084 3522.882979 3227.223883 3623.976629 3707.919156 2997.005295 2964.181298 2904.258325 2709.207028 2185.683880 2222.265330 2152.825218 2059.736560 2464.829173 1998.034153 1915.411924 1711.380561 4068.843921 1617.848405 1411.918168 4204.875812 4372.250986 4428.839919 1140.055452 1049.703751 0.005046992222 -6.795475758 0.01979352522 109.1993412 452.5606765 393.2778282 5040.708564 5199.900966 5320.819205 6429.326181 6554.013399 7616.549467 8646.965231 9638.409158 12669.17575 16868.49694 31308.40855 34780.40164 68883.15764 133475.3286 183053.3828 305614.1163 1056458.579 930525241.2
      sorted:	 -6.795475758 0.005046992222 0.01979352522 109.1993412 393.2778282 452.5606765 1049.703751 1140.055452 1411.918168 1617.848405 1711.380561 1915.411924 1998.034153 2059.736560 2152.825218 2185.683880 2222.265330 2464.829173 2709.207028 2904.258325 2964.181298 2997.005295 3227.223883 3304.723018 3344.037510 3445.634930 3482.636084 3522.882979 3623.976629 3707.919156 4068.843921 4204.875812 4372.250986 4428.839919 5040.708564 5199.900966 5320.819205 6429.326181 6554.013399 7616.549467 8646.965231 9638.409158 12669.17575 16868.49694 31308.40855 34780.40164 68883.15764 133475.3286 183053.3828 305614.1163 1056458.579 930525241.2
