    unsorted:	 3037.444644 3103.245567 3148.898615 2934.784101 2772.143422 3262.981531 2523.651236 2496.799157 2351.816911 2143.062381 2130.371896 2056.429026 1936.101365 3425.718113 3537.722848 1833.237869 3741.672706 3850.130356 1642.757537 1546.478589 4045.536362 4210.066438 4413.603871 4574.646887 913.8460796 1014.287442 1092.801748 485.5223693 592.9053384 0.005049199104 365.9104056 0.01995514180 4826.877405 5186.954141 5485.313513 6789.411416 7464.250202 8224.719586 8898.317317 9458.825701 15724.58234 17401.90012 18308.38582 34984.92615 33150.56334 43110.02308 65358.86715 81655.60722 139076.9403 192933.2660 331831.2333 1124044.168
      sorted:	 0.005049199104 0.01995514180 365.9104056 485.5223693 592.9053384 913.8460796 1014.287442 1092.801748 1546.478589 1642.757537 1833.237869 1936.101365 2056.429026 2130.371896 2143.062381 2351.816911 2496.799157 2523.651236 2772.143422 2934.784101 3037.444644 3103.245567 3148.898615 3262.981531 3425.718113 3537.722848 3741.672706 3850.130356 4045.536362 4210.066438 4413.603871 4574.646887 4826.877405 5186.954141 5485.313513 6789.411416 7464.250202 8224.719586 8898.317317 9458.825701 15724.58234 17401.90012 18308.38582 33150.56334 34984.92615 43110.02308 65358.86715 81655.60722 139076.9403 192933.2660 331831.2333 1124044.168
