    unsorted:	 2976.828006 2740.360935 2816.054764 2695.667650 2562.426889 3253.773951 3325.707273 2255.483544 2102.937472 3653.140411 3995.255501 1762.627478 4434.834495 4678.521507 4645.927986 0.004993640915 1253.712007 1066.540586 926.2541982 690.3407918 0.01942782140 543.2887930 5450.693299 5683.641316 5944.624572 6036.197020 7007.969221 7282.132716 8104.193209 8617.175823 9268.541551 10569.05171 11376.76753 12201.80824 13777.85370 14191.14139 15174.21678 16829.78077 17612.74997 18401.60623 20938.90962 22446.02404 26046.47510 33054.60661 34997.02565 49461.35503 82866.66074 116390.5904 155628.1039 207739.6588 306987.9642 2797992.925
      sorted:	 0.004993640915 0.01942782140 543.2887930 690.3407918 926.2541982 1066.540586 1253.712007 1762.627478 2102.937472 2255.483544 2562.426889 2695.667650 2740.360935 2816.054764 2976.828006 3253.773951 3325.707273 3653.140411 3995.255501 4434.834495 4645.927986 4678.521507 5450.693299 5683.641316 5944.624572 6036.197020 7007.969221 7282.132716 8104.193209 8617.175823 9268.541551 10569.05171 11376.76753 12201.80824 13777.85370 14191.14139 15174.21678 16829.78077 17612.74997 18401.60623 20938.90962 22446.02404 26046.47510 33054.60661 34997.02565 49461.35503 82866.66074 116390.5904 155628.1039 207739.6588 306987.9642 2797992.925
