    unsorted:	 1825.507232 1807.594609 1851.589934 1972.040435 2002.322485 2115.754753 2156.463589 2257.057957 2300.750353 1649.712214 2417.925236 2453.614761 1341.355889 1314.278074 1257.251639 1220.108323 1163.376904 1116.850150 1065.458059 996.5051048 958.4282278 907.7345983 852.3480568 778.1800915 2639.868602 2693.128720 616.7578718 2814.044181 2869.092171 2959.352797 444.1992984 0.006929023017 1.089669767 0.09594711679 304.0791764 206.8665201 219.4769581 3113.932237 3429.046637 3616.084397 4043.512571 5140.482243 6095.819086 9288.040600 15363.46821 29876.89099 34541.13531 46934.32301 61055.99806 193666.6337 281083.2807 418922.4612
      sorted:	 0.006929023017 0.09594711679 1.089669767 206.8665201 219.4769581 304.0791764 444.1992984 616.7578718 778.1800915 852.3480568 907.7345983 958.4282278 996.5051048 1065.458059 1116.850150 1163.376904 1220.108323 1257.251639 1314.278074 1341.355889 1649.712214 1807.594609 1825.507232 1851.589934 1972.040435 2002.322485 2115.754753 2156.463589 2257.057957 2300.750353 2417.925236 2453.614761 2639.868602 2693.128720 2814.044181 2869.092171 2959.352797 3113.932237 3429.046637 3616.084397 4043.512571 5140.482243 6095.819086 9288.040600 15363.46821 29876.89099 34541.13531 46934.32301 61055.99806 193666.6337 281083.2807 418922.4612
