    unsorted:	 3309.543638 3344.557442 3454.084381 3491.011542 3566.416521 3224.336846 3641.281305 2994.917094 2968.888322 2908.877461 3737.375970 2710.305989 2464.366115 2185.749323 2154.033900 2219.932190 2061.289408 2002.162324 1914.796050 1710.906724 1615.952748 1412.265578 4105.034301 4246.421953 4395.853384 4440.523896 1140.031784 1049.928786 0.005045771196 507.1721011 397.2416949 108.3638601 0.01975729386 5062.644102 5243.382051 5337.098279 6523.873308 6579.823601 7686.914276 8666.524607 9667.213484 12827.72256 16583.05607 17572.10288 31087.68096 34833.01592 62148.91034 74292.34590 134450.6622 184066.9758 307524.8305 1067313.992
      sorted:	 0.005045771196 0.01975729386 108.3638601 397.2416949 507.1721011 1049.928786 1140.031784 1412.265578 1615.952748 1710.906724 1914.796050 2002.162324 2061.289408 2154.033900 2185.749323 2219.932190 2464.366115 2710.305989 2908.877461 2968.888322 2994.917094 3224.336846 3309.543638 3344.557442 3454.084381 3491.011542 3566.416521 3641.281305 3737.375970 4105.034301 4246.421953 4395.853384 4440.523896 5062.644102 5243.382051 5337.098279 6523.873308 6579.823601 7686.914276 8666.524607 9667.213484 12827.72256 16583.05607 17572.10288 31087.68096 34833.01592 62148.91034 74292.34590 134450.6622 184066.9758 307524.8305 1067313.992
