    unsorted:	 3037.444627 3103.245569 3148.898607 2934.784111 2772.143410 3262.981545 2523.651221 2496.799159 2351.816910 2143.062386 2130.371989 2056.429037 1936.101363 3425.718131 3537.722823 1833.237898 3741.672692 3850.130343 1642.757532 1546.478590 4045.536329 4210.066421 4413.604208 4574.646905 913.8460390 1014.287870 1092.802657 485.5602924 592.9053354 0.005045216370 365.9104095 0.01990620805 4826.877388 5186.954197 5485.313473 6789.411272 7464.250276 8224.722609 8898.317345 9458.827125 15724.57990 17401.89569 18308.37256 34984.92615 33150.55816 43110.02289 65358.86565 81655.60240 139076.8898 192933.2638 331831.2329 1124044.155
      sorted:	 0.005045216370 0.01990620805 365.9104095 485.5602924 592.9053354 913.8460390 1014.287870 1092.802657 1546.478590 1642.757532 1833.237898 1936.101363 2056.429037 2130.371989 2143.062386 2351.816910 2496.799159 2523.651221 2772.143410 2934.784111 3037.444627 3103.245569 3148.898607 3262.981545 3425.718131 3537.722823 3741.672692 3850.130343 4045.536329 4210.066421 4413.604208 4574.646905 4826.877388 5186.954197 5485.313473 6789.411272 7464.250276 8224.722609 8898.317345 9458.827125 15724.57990 17401.89569 18308.37256 33150.55816 34984.92615 43110.02289 65358.86565 81655.60240 139076.8898 192933.2638 331831.2329 1124044.155
