    unsorted:	 0.005198101526 0.01586940847 0.02128038118 9.977568881 1495.183817 1831.951096 1865.624798 1801.779771 1922.487019 1955.053272 1489.996911 1570.797429 1431.230814 2190.078775 2265.343003 2312.025116 2423.520949 2493.646266 2564.579211 2611.581181 2648.363723 2703.268775 2810.331025 2815.508487 2865.877670 2873.755473 1275.045153 3053.000546 1103.919245 1017.372539 805.5599806 730.9777389 571.1466674 157.2143561 104.9843674 127.9970525 322.1552357 3266.596040 3318.937732 3357.418941 3800.502614 4052.710293 4231.970718 5274.642506 5989.898092 20457.00539 34748.58909 61038.83246 105868.7045 193647.3811 280466.6449 418739.0994
      sorted:	 0.005198101526 0.01586940847 0.02128038118 9.977568881 104.9843674 127.9970525 157.2143561 322.1552357 571.1466674 730.9777389 805.5599806 1017.372539 1103.919245 1275.045153 1431.230814 1489.996911 1495.183817 1570.797429 1801.779771 1831.951096 1865.624798 1922.487019 1955.053272 2190.078775 2265.343003 2312.025116 2423.520949 2493.646266 2564.579211 2611.581181 2648.363723 2703.268775 2810.331025 2815.508487 2865.877670 2873.755473 3053.000546 3266.596040 3318.937732 3357.418941 3800.502614 4052.710293 4231.970718 5274.642506 5989.898092 20457.00539 34748.58909 61038.83246 105868.7045 193647.3811 280466.6449 418739.0994
