    unsorted:	 2976.828020 2740.360925 2816.054761 2695.667630 2562.426850 3253.773879 3325.707257 2255.483537 2102.937478 3653.140440 3995.255512 1762.627478 4434.834480 4678.521508 4645.927928 0.004996312685 1253.711986 926.2541982 1066.540195 690.3407947 0.01941076293 543.2887989 5450.693287 5683.641355 5944.624621 6036.197007 7007.969200 7282.132500 8104.193237 8617.175792 9268.541575 10569.05125 11376.76732 12201.80793 13777.85378 14191.14067 15174.21654 16829.78078 17612.75039 18401.60640 20938.91178 22446.03199 26046.47531 33054.60667 34997.02565 49461.35507 82866.66149 116390.5927 155628.1321 207739.6603 306987.9647 2797992.927
      sorted:	 0.004996312685 0.01941076293 543.2887989 690.3407947 926.2541982 1066.540195 1253.711986 1762.627478 2102.937478 2255.483537 2562.426850 2695.667630 2740.360925 2816.054761 2976.828020 3253.773879 3325.707257 3653.140440 3995.255512 4434.834480 4645.927928 4678.521508 5450.693287 5683.641355 5944.624621 6036.197007 7007.969200 7282.132500 8104.193237 8617.175792 9268.541575 10569.05125 11376.76732 12201.80793 13777.85378 14191.14067 15174.21654 16829.78078 17612.75039 18401.60640 20938.91178 22446.03199 26046.47531 33054.60667 34997.02565 49461.35507 82866.66149 116390.5927 155628.1321 207739.6603 306987.9647 2797992.927
