    unsorted:	 0.004995600330 0.01908021430 118.9888882 2748.479937 2886.239787 2580.212161 2615.485155 2417.345721 2209.415743 3204.866516 3274.004509 3415.255521 3790.980667 3609.522948 2057.547068 4043.527713 4275.272586 4381.132006 4406.080107 1746.985932 4843.108839 4968.208288 5170.921345 1235.888814 898.4698968 1033.202185 612.4831517 238.7124667 499.1199396 5583.086139 5621.996654 5953.077125 7172.448738 7913.141108 8989.134725 11017.12266 11708.65517 12086.02919 12850.51720 14004.76054 14495.24415 16304.40768 19291.51386 21586.79923 26407.84058 34923.29796 49175.16349 109509.7648 148097.3314 222928.0181 292898.0682 2200589.394
      sorted:	 0.004995600330 0.01908021430 118.9888882 238.7124667 499.1199396 612.4831517 898.4698968 1033.202185 1235.888814 1746.985932 2057.547068 2209.415743 2417.345721 2580.212161 2615.485155 2748.479937 2886.239787 3204.866516 3274.004509 3415.255521 3609.522948 3790.980667 4043.527713 4275.272586 4381.132006 4406.080107 4843.108839 4968.208288 5170.921345 5583.086139 5621.996654 5953.077125 7172.448738 7913.141108 8989.134725 11017.12266 11708.65517 12086.02919 12850.51720 14004.76054 14495.24415 16304.40768 19291.51386 21586.79923 26407.84058 34923.29796 49175.16349 109509.7648 148097.3314 222928.0181 292898.0682 2200589.394
