    unsorted:	 3309.543647 3344.557442 3454.084382 3491.011547 3566.416519 3224.336848 3641.281313 2994.917091 2968.888311 2908.877462 3737.375970 2710.305990 2464.366116 2185.749328 2154.033915 2219.932169 2061.289407 2002.162325 1914.796043 1710.906725 1615.952749 1412.357578 4105.034311 4246.421941 4395.853360 4440.523903 1140.031708 1049.928705 0.005042480659 507.1721013 397.2416915 0.01981384362 108.3638436 5062.644098 5243.382041 5337.098290 6523.873296 6579.823593 7686.914262 8666.524172 9667.213370 12827.72259 16583.05864 17572.10399 31087.68139 34833.01592 62148.91042 74292.34657 134450.6698 184066.9760 307524.8304 1067313.990
      sorted:	 0.005042480659 0.01981384362 108.3638436 397.2416915 507.1721013 1049.928705 1140.031708 1412.357578 1615.952749 1710.906725 1914.796043 2002.162325 2061.289407 2154.033915 2185.749328 2219.932169 2464.366116 2710.305990 2908.877462 2968.888311 2994.917091 3224.336848 3309.543647 3344.557442 3454.084382 3491.011547 3566.416519 3641.281313 3737.375970 4105.034311 4246.421941 4395.853360 4440.523903 5062.644098 5243.382041 5337.098290 6523.873296 6579.823593 7686.914262 8666.524172 9667.213370 12827.72259 16583.05864 17572.10399 31087.68139 34833.01592 62148.91042 74292.34657 134450.6698 184066.9760 307524.8304 1067313.990
