    unsorted:	 0.004960681094 167.0868581 204.6836745 218.9553752 123.6003735 90.97854267 296.7141428 510.2353955 583.8833241 648.3963933 852.6945278 916.6514433 983.7826137 1051.198868 -122.6512568 -214.8844052 -275.5895667 -265.0251045 1345.329406 1407.658969 1587.367549 1813.860195 1949.542053 2770.404773 2954.741063 3148.462141 4206.319119 3930.770234 4846.643396 5870.482619 -4573.481850 8274.902951 -5684.279520 9854.142508 10837.68745 13101.21321 15501.91249 19855.85500 21779.67684 23407.44414 28650.10973 30245.26677 32579.12121 39631.03859 45342.14959 51269.22876 -49907.96332 135805.8605 175302.4818 185186.5013 341103.6740 1727032.998
      sorted:	 -49907.96332 -5684.279520 -4573.481850 -275.5895667 -265.0251045 -214.8844052 -122.6512568 0.004960681094 90.97854267 123.6003735 167.0868581 204.6836745 218.9553752 296.7141428 510.2353955 583.8833241 648.3963933 852.6945278 916.6514433 983.7826137 1051.198868 1345.329406 1407.658969 1587.367549 1813.860195 1949.542053 2770.404773 2954.741063 3148.462141 3930.770234 4206.319119 4846.643396 5870.482619 8274.902951 9854.142508 10837.68745 13101.21321 15501.91249 19855.85500 21779.67684 23407.44414 28650.10973 30245.26677 32579.12121 39631.03859 45342.14959 51269.22876 135805.8605 175302.4818 185186.5013 341103.6740 1727032.998
