    unsorted:	 1552.999196 1548.565934 1508.472207 1464.696880 1432.338452 1408.451158 1385.507485 1331.681182 1233.929644 1726.658083 1685.977909 1802.694546 1172.270888 1885.141113 1956.095023 1064.968703 979.0713344 971.4376856 2171.739204 2069.579842 2211.510360 2271.131087 877.7923028 2463.519860 2497.078854 2614.028585 2663.422458 2690.576584 691.3181705 585.3478110 0.005852381608 1.928628065 0.09965660002 41.48698315 41.35421701 14.32393843 112.6475098 464.1432782 308.4439106 256.2635288 2831.620480 3065.848995 3095.997446 3556.944020 4876.287333 5599.648638 12868.46727 33952.53970 61039.33766 193776.6964 280843.2313 418579.0419
      sorted:	 0.005852381608 0.09965660002 1.928628065 14.32393843 41.35421701 41.48698315 112.6475098 256.2635288 308.4439106 464.1432782 585.3478110 691.3181705 877.7923028 971.4376856 979.0713344 1064.968703 1172.270888 1233.929644 1331.681182 1385.507485 1408.451158 1432.338452 1464.696880 1508.472207 1548.565934 1552.999196 1685.977909 1726.658083 1802.694546 1885.141113 1956.095023 2069.579842 2171.739204 2211.510360 2271.131087 2463.519860 2497.078854 2614.028585 2663.422458 2690.576584 2831.620480 3065.848995 3095.997446 3556.944020 4876.287333 5599.648638 12868.46727 33952.53970 61039.33766 193776.6964 280843.2313 418579.0419
