    unsorted:	 1515.535011 1513.794847 1458.896301 1452.656415 1478.576919 1403.984273 1414.593598 1595.485292 1621.258931 1845.185513 1827.504754 1786.188893 1903.232313 1945.303312 1974.010074 1272.816425 2123.929866 2176.712811 2278.423194 1092.010229 1056.100823 994.3751423 2380.907769 2415.219534 2517.011443 2575.637070 843.3774893 2720.873965 2787.937283 2799.880212 2849.198691 758.8577763 0.005898895205 1.693218511 0.09837467097 21.43415135 44.95696497 459.4083985 337.8791640 308.0666068 113.1495657 3062.793045 3366.391948 4415.268503 5125.465992 5521.327941 11755.61101 34125.67924 61035.10970 193753.7753 280779.6094 418651.3788
      sorted:	 0.005898895205 0.09837467097 1.693218511 21.43415135 44.95696497 113.1495657 308.0666068 337.8791640 459.4083985 758.8577763 843.3774893 994.3751423 1056.100823 1092.010229 1272.816425 1403.984273 1414.593598 1452.656415 1458.896301 1478.576919 1513.794847 1515.535011 1595.485292 1621.258931 1786.188893 1827.504754 1845.185513 1903.232313 1945.303312 1974.010074 2123.929866 2176.712811 2278.423194 2380.907769 2415.219534 2517.011443 2575.637070 2720.873965 2787.937283 2799.880212 2849.198691 3062.793045 3366.391948 4415.268503 5125.465992 5521.327941 11755.61101 34125.67924 61035.10970 193753.7753 280779.6094 418651.3788
