    unsorted:	 1.706767266 3411.441144 3430.925800 3305.657741 3154.268457 3036.468005 3002.813287 3641.332080 3789.343239 2714.396252 2349.422747 2372.017684 2248.485965 2071.162403 2096.870336 3938.533807 1729.300735 1664.326304 1525.733510 4153.012295 1228.889289 1207.773438 4693.441298 4805.372058 4913.892368 5148.126588 882.2320896 465.4473011 142.9944795 113.2158581 292.3916006 5879.960995 6170.498658 6381.505311 7013.417439 7688.164330 8457.018649 9085.147015 11106.24781 11817.10076 12829.80614 18375.91379 24824.12933 34510.55653 42336.74267 62937.26513 79675.77965 109404.8464 296669.0673 599443.5531 -5214747.912 6366073.781
      sorted:	 -5214747.912 1.706767266 113.2158581 142.9944795 292.3916006 465.4473011 882.2320896 1207.773438 1228.889289 1525.733510 1664.326304 1729.300735 2071.162403 2096.870336 2248.485965 2349.422747 2372.017684 2714.396252 3002.813287 3036.468005 3154.268457 3305.657741 3411.441144 3430.925800 3641.332080 3789.343239 3938.533807 4153.012295 4693.441298 4805.372058 4913.892368 5148.126588 5879.960995 6170.498658 6381.505311 7013.417439 7688.164330 8457.018649 9085.147015 11106.24781 11817.10076 12829.80614 18375.91379 24824.12933 34510.55653 42336.74267 62937.26513 79675.77965 109404.8464 296669.0673 599443.5531 6366073.781
