    unsorted:	 3595.615353 3529.737318 3328.958810 3240.636415 3189.294373 3841.855209 3925.262628 2851.433696 2731.207955 2527.043508 2572.467471 2361.313621 2192.380461 4201.688653 4297.495161 4336.751565 2039.070207 1739.626384 4732.211752 4991.770021 5241.974738 5385.123045 0.005009167531 0.01895658080 114.3568717 1225.901968 1031.720383 840.4932274 617.4987215 230.6627753 485.6611617 5707.502074 6647.547621 7325.734261 7891.136246 8742.274964 9221.384637 10887.38345 11706.46115 12062.97779 13519.26423 15805.43330 17747.31604 19959.01950 24845.21222 34927.75939 47454.00629 95512.10665 146800.3993 220011.7864 291058.0999 2069566.645
      sorted:	 0.005009167531 0.01895658080 114.3568717 230.6627753 485.6611617 617.4987215 840.4932274 1031.720383 1225.901968 1739.626384 2039.070207 2192.380461 2361.313621 2527.043508 2572.467471 2731.207955 2851.433696 3189.294373 3240.636415 3328.958810 3529.737318 3595.615353 3841.855209 3925.262628 4201.688653 4297.495161 4336.751565 4732.211752 4991.770021 5241.974738 5385.123045 5707.502074 6647.547621 7325.734261 7891.136246 8742.274964 9221.384637 10887.38345 11706.46115 12062.97779 13519.26423 15805.43330 17747.31604 19959.01950 24845.21222 34927.75939 47454.00629 95512.10665 146800.3993 220011.7864 291058.0999 2069566.645
