    unsorted:	 3309.543694 3344.557412 3454.084365 3491.011539 3566.416498 3224.336858 3641.281319 2994.917072 2968.888305 2908.877458 3737.375967 2710.305985 2464.366102 2185.749325 2154.033875 2219.932042 2061.289399 2002.162313 1914.795993 1710.906727 1615.952760 1412.278818 4105.034349 4246.421829 4395.853184 4440.523895 1140.031165 1049.928131 0.005033467151 507.1721026 397.2416950 0.01983373527 108.3638693 5062.644028 5243.381952 5337.098284 6523.873378 6579.823623 7686.914267 8666.521182 9667.212264 12827.72288 16583.07429 17572.11127 31087.68622 34833.01592 62148.91099 74292.35181 134450.7212 184066.9774 307524.8311 1067314.004
      sorted:	 0.005033467151 0.01983373527 108.3638693 397.2416950 507.1721026 1049.928131 1140.031165 1412.278818 1615.952760 1710.906727 1914.795993 2002.162313 2061.289399 2154.033875 2185.749325 2219.932042 2464.366102 2710.305985 2908.877458 2968.888305 2994.917072 3224.336858 3309.543694 3344.557412 3454.084365 3491.011539 3566.416498 3641.281319 3737.375967 4105.034349 4246.421829 4395.853184 4440.523895 5062.644028 5243.381952 5337.098284 6523.873378 6579.823623 7686.914267 8666.521182 9667.212264 12827.72288 16583.07429 17572.11127 31087.68622 34833.01592 62148.91099 74292.35181 134450.7212 184066.9774 307524.8311 1067314.004
