    unsorted:	 0.005903285082 0.01244993102 1237.181958 1194.905638 1070.452812 887.9578352 741.1436180 512.0778639 420.5697222 315.7434831 1930.225735 1842.325267 2109.743939 -25.46431086 2388.982654 2712.678217 2803.921729 -222.2307650 -340.4662998 3541.739806 3620.907086 4205.298138 4506.600230 4765.796325 5510.136122 6069.047678 6102.759453 5821.390509 7230.930643 8177.032003 8523.039709 8934.439851 9638.337817 11691.66826 -4834.594839 13117.68308 15390.72526 16587.93344 17493.23170 18447.95050 20379.89472 24300.86145 29621.71229 34761.37087 34431.59701 49707.12876 86922.99958 106339.4467 134882.2480 200540.7334 294452.1902 2838111.870
      sorted:	 -4834.594839 -340.4662998 -222.2307650 -25.46431086 0.005903285082 0.01244993102 315.7434831 420.5697222 512.0778639 741.1436180 887.9578352 1070.452812 1194.905638 1237.181958 1842.325267 1930.225735 2109.743939 2388.982654 2712.678217 2803.921729 3541.739806 3620.907086 4205.298138 4506.600230 4765.796325 5510.136122 5821.390509 6069.047678 6102.759453 7230.930643 8177.032003 8523.039709 8934.439851 9638.337817 11691.66826 13117.68308 15390.72526 16587.93344 17493.23170 18447.95050 20379.89472 24300.86145 29621.71229 34431.59701 34761.37087 49707.12876 86922.99958 106339.4467 134882.2480 200540.7334 294452.1902 2838111.870
