    unsorted:	 2243.105459 2256.597757 2211.188253 2464.987660 2580.288003 2754.410076 2046.157882 3159.530614 3251.754607 3282.422332 3567.603883 1747.294352 4079.736848 3926.745122 4216.639891 4360.772246 4899.256785 5095.819960 5486.348577 5550.488404 0.005009236813 1231.285190 0.01952602764 1033.380541 641.9189500 491.3015149 6114.365508 6798.853775 6895.807735 6986.329296 7957.216583 8205.623562 8602.759048 9707.873354 10559.13073 11989.96667 13242.55020 14801.20409 18007.26582 18112.78986 21435.66103 22510.54262 27897.59601 34987.41826 47097.80532 48677.05924 81390.98246 116508.1014 151506.4338 202221.8022 304326.0234 2387438.313
      sorted:	 0.005009236813 0.01952602764 491.3015149 641.9189500 1033.380541 1231.285190 1747.294352 2046.157882 2211.188253 2243.105459 2256.597757 2464.987660 2580.288003 2754.410076 3159.530614 3251.754607 3282.422332 3567.603883 3926.745122 4079.736848 4216.639891 4360.772246 4899.256785 5095.819960 5486.348577 5550.488404 6114.365508 6798.853775 6895.807735 6986.329296 7957.216583 8205.623562 8602.759048 9707.873354 10559.13073 11989.96667 13242.55020 14801.20409 18007.26582 18112.78986 21435.66103 22510.54262 27897.59601 34987.41826 47097.80532 48677.05924 81390.98246 116508.1014 151506.4338 202221.8022 304326.0234 2387438.313
