    unsorted:	 2635.052023 2619.184953 2669.353358 2580.801436 2468.503188 2349.490332 2276.702739 2801.708746 2861.894896 2904.774721 2046.492581 2115.120877 1985.079215 1884.462536 1862.861337 1788.126927 1493.111751 3015.431679 1605.037153 1570.606402 3225.355076 1369.014354 3353.444994 1199.447757 3499.102840 3561.196221 1110.623817 3753.147946 866.5103273 850.7279434 3859.962822 303.7483691 310.5377816 0.005119737136 498.9815035 127.0586442 0.02058625927 4222.392780 4269.951257 4603.502133 5080.410070 6243.687020 8485.721171 16957.35898 20749.65280 34810.25000 55861.24997 64320.80285 117188.5433 190561.3075 308168.7658 581710.9154
      sorted:	 0.005119737136 0.02058625927 127.0586442 303.7483691 310.5377816 498.9815035 850.7279434 866.5103273 1110.623817 1199.447757 1369.014354 1493.111751 1570.606402 1605.037153 1788.126927 1862.861337 1884.462536 1985.079215 2046.492581 2115.120877 2276.702739 2349.490332 2468.503188 2580.801436 2619.184953 2635.052023 2669.353358 2801.708746 2861.894896 2904.774721 3015.431679 3225.355076 3353.444994 3499.102840 3561.196221 3753.147946 3859.962822 4222.392780 4269.951257 4603.502133 5080.410070 6243.687020 8485.721171 16957.35898 20749.65280 34810.25000 55861.24997 64320.80285 117188.5433 190561.3075 308168.7658 581710.9154
