    unsorted:	 1521.900937 1904.178349 1940.070373 1874.659603 1847.169730 1975.510710 2058.541057 2077.102701 1767.994668 2164.028682 2202.284030 2238.594876 2295.666937 1658.882901 1601.860845 1514.787318 1455.730543 1448.774537 1408.265319 1387.485880 2434.255969 2482.303116 2518.213734 2527.379204 1112.094977 1060.281765 1000.613760 2731.421420 2851.110521 2802.669807 824.4463030 760.5702112 2956.032411 0.005925608534 1.467037826 0.09697086334 444.3851671 379.1633873 322.0044811 45.84159274 3367.362292 4101.787570 5156.537149 5409.620887 11297.98332 15416.87200 34258.26648 46176.53659 61048.27685 193730.3185 281203.9040 418756.4933
      sorted:	 0.005925608534 0.09697086334 1.467037826 45.84159274 322.0044811 379.1633873 444.3851671 760.5702112 824.4463030 1000.613760 1060.281765 1112.094977 1387.485880 1408.265319 1448.774537 1455.730543 1514.787318 1521.900937 1601.860845 1658.882901 1767.994668 1847.169730 1874.659603 1904.178349 1940.070373 1975.510710 2058.541057 2077.102701 2164.028682 2202.284030 2238.594876 2295.666937 2434.255969 2482.303116 2518.213734 2527.379204 2731.421420 2802.669807 2851.110521 2956.032411 3367.362292 4101.787570 5156.537149 5409.620887 11297.98332 15416.87200 34258.26648 46176.53659 61048.27685 193730.3185 281203.9040 418756.4933
