    unsorted:	 2965.067537 2810.256117 2728.805399 2679.591332 2540.817457 3249.196947 3314.283555 2250.960615 3619.132495 2089.628271 3940.176426 1760.815315 4323.263898 4490.428783 4645.987568 0.005003960565 0.01946393669 1249.977128 924.2985620 1051.796862 689.6948235 529.5755470 5436.719656 5896.092670 5982.648517 6705.122274 7039.183268 7264.099133 8046.529957 8502.094295 9148.487155 10351.16198 11231.80578 12132.29390 13817.89463 14720.25647 15181.88454 16540.48562 17319.09500 18299.45031 21740.71009 25620.13223 28858.24155 34998.55508 38772.95992 49517.37013 83094.44975 122350.3222 155189.0426 211307.1571 309953.6578 3247334.469
      sorted:	 0.005003960565 0.01946393669 529.5755470 689.6948235 924.2985620 1051.796862 1249.977128 1760.815315 2089.628271 2250.960615 2540.817457 2679.591332 2728.805399 2810.256117 2965.067537 3249.196947 3314.283555 3619.132495 3940.176426 4323.263898 4490.428783 4645.987568 5436.719656 5896.092670 5982.648517 6705.122274 7039.183268 7264.099133 8046.529957 8502.094295 9148.487155 10351.16198 11231.80578 12132.29390 13817.89463 14720.25647 15181.88454 16540.48562 17319.09500 18299.45031 21740.71009 25620.13223 28858.24155 34998.55508 38772.95992 49517.37013 83094.44975 122350.3222 155189.0426 211307.1571 309953.6578 3247334.469
