    unsorted:	 3475.905155 3367.378550 3263.629079 3586.219838 3125.941806 3060.446955 3712.647113 2856.753379 2780.383431 2662.865350 3865.068984 3968.954836 2379.007612 2259.453163 2224.092085 2127.483289 2077.733649 1941.105678 4177.830441 4272.039045 4363.478408 1704.119470 4727.759355 0.005023217449 1183.822585 1044.509936 0.01958792604 101.7989847 569.9723061 198.5240552 445.1446792 5232.923621 5473.283370 5801.516196 5994.747089 6539.592308 6680.134331 7584.559623 7955.853132 10048.24884 10641.07849 11291.54781 15146.51780 17453.25320 34916.55049 38553.73895 42777.38593 77056.27269 141812.4739 207410.4297 288285.5101 1321418.497
      sorted:	 0.005023217449 0.01958792604 101.7989847 198.5240552 445.1446792 569.9723061 1044.509936 1183.822585 1704.119470 1941.105678 2077.733649 2127.483289 2224.092085 2259.453163 2379.007612 2662.865350 2780.383431 2856.753379 3060.446955 3125.941806 3263.629079 3367.378550 3475.905155 3586.219838 3712.647113 3865.068984 3968.954836 4177.830441 4272.039045 4363.478408 4727.759355 5232.923621 5473.283370 5801.516196 5994.747089 6539.592308 6680.134331 7584.559623 7955.853132 10048.24884 10641.07849 11291.54781 15146.51780 17453.25320 34916.55049 38553.73895 42777.38593 77056.27269 141812.4739 207410.4297 288285.5101 1321418.497
