    unsorted:	 2958.344046 2906.392439 2977.005217 3031.121341 2805.431949 2742.282356 2662.464628 2551.460056 2525.353092 2443.151535 2419.113606 2303.383823 3100.433776 3166.587857 2220.848640 2028.658616 2039.076451 1971.521852 1879.141306 3385.472974 1699.359987 1661.717277 1450.687252 1546.124041 1434.128256 3507.889942 3709.598256 3798.842392 1131.774899 962.0630768 0.005109349147 4160.714645 560.0058766 35.42761644 0.02025345152 129.1127018 145.5321584 333.6046892 4272.114022 4460.298865 4952.589168 5508.536713 6290.652235 7767.059596 11690.93228 21324.62155 34736.54144 64800.99762 119693.3133 192005.8258 290109.7877 626256.3351
      sorted:	 0.005109349147 0.02025345152 35.42761644 129.1127018 145.5321584 333.6046892 560.0058766 962.0630768 1131.774899 1434.128256 1450.687252 1546.124041 1661.717277 1699.359987 1879.141306 1971.521852 2028.658616 2039.076451 2220.848640 2303.383823 2419.113606 2443.151535 2525.353092 2551.460056 2662.464628 2742.282356 2805.431949 2906.392439 2958.344046 2977.005217 3031.121341 3100.433776 3166.587857 3385.472974 3507.889942 3709.598256 3798.842392 4160.714645 4272.114022 4460.298865 4952.589168 5508.536713 6290.652235 7767.059596 11690.93228 21324.62155 34736.54144 64800.99762 119693.3133 192005.8258 290109.7877 626256.3351
