    unsorted:	 3068.793023 2957.735248 3180.430991 3369.955071 2631.228726 2531.356714 2221.965490 2150.890272 1980.504937 1896.799214 1679.510075 3916.206549 4020.168247 4498.324768 1219.096973 1149.339130 4983.481120 5124.948362 533.3866766 6207.867738 6263.629812 0.005151913339 7432.250893 7811.146826 8409.416003 8572.236680 9092.061940 9926.574382 11974.22668 12691.69932 13619.85074 14690.72387 15035.50963 15697.87725 19945.99692 23247.14985 25783.46646 38221.57193 42736.74175 47730.41933 62439.27934 97974.52835 111725.8332 133576.8559 161545.0107 268678.8689 5155252.948
      sorted:	 0.005151913339 533.3866766 1149.339130 1219.096973 1679.510075 1896.799214 1980.504937 2150.890272 2221.965490 2531.356714 2631.228726 2957.735248 3068.793023 3180.430991 3369.955071 3916.206549 4020.168247 4498.324768 4983.481120 5124.948362 6207.867738 6263.629812 7432.250893 7811.146826 8409.416003 8572.236680 9092.061940 9926.574382 11974.22668 12691.69932 13619.85074 14690.72387 15035.50963 15697.87725 19945.99692 23247.14985 25783.46646 38221.57193 42736.74175 47730.41933 62439.27934 97974.52835 111725.8332 133576.8559 161545.0107 268678.8689 5155252.948
