    unsorted:	 0.004999512356 3165.666334 3078.004997 3240.726222 2849.405711 2686.060759 2625.621122 2454.867817 2402.566964 3487.085225 3761.475750 2178.433791 4026.786860 4329.688489 4461.781829 1816.241569 4865.068265 5013.953159 1482.330760 5220.877198 1177.754253 0.02520721569 851.9121129 747.2546169 173.2422475 496.5197798 5576.393963 5954.616589 6219.616510 6620.718181 7002.389876 7267.933398 7637.548284 9663.669791 10540.85818 10980.97007 11881.70254 12756.56801 14957.26799 17034.98594 17683.09722 19909.03334 28934.79616 31550.09393 34015.77454 34980.12955 37557.48510 39383.50786 49900.49073 103219.0138 123074.8424 138703.8679 222479.4380 3995118.683
      sorted:	 0.004999512356 0.02520721569 173.2422475 496.5197798 747.2546169 851.9121129 1177.754253 1482.330760 1816.241569 2178.433791 2402.566964 2454.867817 2625.621122 2686.060759 2849.405711 3078.004997 3165.666334 3240.726222 3487.085225 3761.475750 4026.786860 4329.688489 4461.781829 4865.068265 5013.953159 5220.877198 5576.393963 5954.616589 6219.616510 6620.718181 7002.389876 7267.933398 7637.548284 9663.669791 10540.85818 10980.97007 11881.70254 12756.56801 14957.26799 17034.98594 17683.09722 19909.03334 28934.79616 31550.09393 34015.77454 34980.12955 37557.48510 39383.50786 49900.49073 103219.0138 123074.8424 138703.8679 222479.4380 3995118.683
