    unsorted:	 2967.191352 2715.152561 2801.718212 2679.259863 2542.162859 3251.946408 3322.404696 2252.327277 3641.773018 2098.654774 3984.484146 1761.641596 4404.231229 4581.330480 4652.797700 0.004969677636 1252.425076 924.1301138 1063.940070 689.4796881 0.01959946522 537.9726348 5433.755415 5657.913632 5921.199652 6013.862984 6993.878198 7488.340667 8072.224290 8569.543839 8860.324498 10675.56532 11942.49934 12582.32978 13710.18142 14866.43859 15797.81706 16515.40497 17756.34100 18547.23142 20856.31487 22294.38265 30090.06098 32908.61793 34996.89024 50089.90158 83392.01705 118922.0044 154655.3616 209800.3795 304594.1975 3074537.284
      sorted:	 0.004969677636 0.01959946522 537.9726348 689.4796881 924.1301138 1063.940070 1252.425076 1761.641596 2098.654774 2252.327277 2542.162859 2679.259863 2715.152561 2801.718212 2967.191352 3251.946408 3322.404696 3641.773018 3984.484146 4404.231229 4581.330480 4652.797700 5433.755415 5657.913632 5921.199652 6013.862984 6993.878198 7488.340667 8072.224290 8569.543839 8860.324498 10675.56532 11942.49934 12582.32978 13710.18142 14866.43859 15797.81706 16515.40497 17756.34100 18547.23142 20856.31487 22294.38265 30090.06098 32908.61793 34996.89024 50089.90158 83392.01705 118922.0044 154655.3616 209800.3795 304594.1975 3074537.284
