    unsorted:	 3328.556266 3323.373502 3232.646477 3404.603235 2933.279104 3000.684882 2778.497453 2702.317315 2530.867328 2497.027714 3600.206928 2272.963016 2179.328236 1951.537314 1884.196964 1675.542191 1599.815008 3879.414548 4332.020620 4490.222785 4578.234378 930.6888427 1103.244019 1021.924149 532.0203875 632.5661595 665.6366245 0.005043815583 382.1244631 0.01955675495 4862.970629 4949.022638 5127.529857 5656.103185 5878.935545 6418.824027 9071.401983 9787.955645 11186.58945 12514.10421 15564.31834 17745.84093 18623.62999 25702.82281 34993.90497 45874.03685 69707.24764 92572.74211 142530.8495 196306.2344 339849.9609 1678908.632
      sorted:	 0.005043815583 0.01955675495 382.1244631 532.0203875 632.5661595 665.6366245 930.6888427 1021.924149 1103.244019 1599.815008 1675.542191 1884.196964 1951.537314 2179.328236 2272.963016 2497.027714 2530.867328 2702.317315 2778.497453 2933.279104 3000.684882 3232.646477 3323.373502 3328.556266 3404.603235 3600.206928 3879.414548 4332.020620 4490.222785 4578.234378 4862.970629 4949.022638 5127.529857 5656.103185 5878.935545 6418.824027 9071.401983 9787.955645 11186.58945 12514.10421 15564.31834 17745.84093 18623.62999 25702.82281 34993.90497 45874.03685 69707.24764 92572.74211 142530.8495 196306.2344 339849.9609 1678908.632
