    unsorted:	 3037.444637 3103.245584 3148.898616 2934.784133 2772.143427 3262.981561 2523.651242 2496.799186 2351.816899 2143.062407 2130.372138 2056.429069 1936.101364 3425.718204 3537.722845 1833.237950 3741.672730 3850.130383 1642.757535 1546.478606 4045.536353 4210.066379 4413.604753 4574.646971 913.8462588 1014.288458 1092.803953 485.5074758 592.9053394 0.005047482580 365.9104086 0.01999252450 4826.877402 5186.954310 5485.313537 6789.411251 7464.250500 8224.726346 8898.317637 9458.826825 15724.57552 17401.88806 18308.34909 34984.92615 33150.55009 43110.02286 65358.86317 81655.59458 139076.7983 192933.2602 331831.2328 1124044.166
      sorted:	 0.005047482580 0.01999252450 365.9104086 485.5074758 592.9053394 913.8462588 1014.288458 1092.803953 1546.478606 1642.757535 1833.237950 1936.101364 2056.429069 2130.372138 2143.062407 2351.816899 2496.799186 2523.651242 2772.143427 2934.784133 3037.444637 3103.245584 3148.898616 3262.981561 3425.718204 3537.722845 3741.672730 3850.130383 4045.536353 4210.066379 4413.604753 4574.646971 4826.877402 5186.954310 5485.313537 6789.411251 7464.250500 8224.726346 8898.317637 9458.826825 15724.57552 17401.88806 18308.34909 33150.55009 34984.92615 43110.02286 65358.86317 81655.59458 139076.7983 192933.2602 331831.2328 1124044.166
