    unsorted:	 1560.609443 1551.883879 1502.141299 1449.543669 1423.389609 1405.764406 1358.702318 1342.390987 1682.400091 1735.265662 1806.036577 1841.132882 1889.090910 1913.667436 1955.848827 2106.122412 2156.718232 2205.039379 2225.949630 1074.962111 1002.929451 975.7890810 2391.713434 2497.654227 2526.438261 2626.951379 2738.922966 2703.061344 854.0454507 2831.793679 698.4162765 679.2773596 0.005888343232 1.740707948 0.09764259847 8.862234306 70.93966337 454.5885141 335.3733645 302.6304022 3054.329443 3122.717020 4286.509483 5473.769199 12097.98896 15604.01824 34132.98483 46724.15300 61056.01032 193754.7655 281282.0745 418614.6618
      sorted:	 0.005888343232 0.09764259847 1.740707948 8.862234306 70.93966337 302.6304022 335.3733645 454.5885141 679.2773596 698.4162765 854.0454507 975.7890810 1002.929451 1074.962111 1342.390987 1358.702318 1405.764406 1423.389609 1449.543669 1502.141299 1551.883879 1560.609443 1682.400091 1735.265662 1806.036577 1841.132882 1889.090910 1913.667436 1955.848827 2106.122412 2156.718232 2205.039379 2225.949630 2391.713434 2497.654227 2526.438261 2626.951379 2703.061344 2738.922966 2831.793679 3054.329443 3122.717020 4286.509483 5473.769199 12097.98896 15604.01824 34132.98483 46724.15300 61056.01032 193754.7655 281282.0745 418614.6618
