    unsorted:	 2958.344057 2906.392441 2977.005183 3031.121309 2805.431948 2742.282349 2662.464625 2551.460060 2525.353085 2443.151524 2419.113576 2303.383825 3100.433747 3166.587831 2220.848643 2028.658614 2039.076421 1971.521850 1879.141216 3385.472977 1699.359945 1661.717260 1450.697302 1546.124041 1434.128253 3507.889910 3709.598260 3798.842141 1131.773211 962.0630363 0.005094311472 4160.714666 560.0058770 35.42285563 0.02040628143 129.1128473 145.5321430 333.6046903 4272.114012 4460.298860 4952.589166 5508.535756 6290.651996 7767.058237 11690.93919 21324.64915 34736.54144 64800.99894 119693.3704 192005.8261 290109.7877 626256.3365
      sorted:	 0.005094311472 0.02040628143 35.42285563 129.1128473 145.5321430 333.6046903 560.0058770 962.0630363 1131.773211 1434.128253 1450.697302 1546.124041 1661.717260 1699.359945 1879.141216 1971.521850 2028.658614 2039.076421 2220.848643 2303.383825 2419.113576 2443.151524 2525.353085 2551.460060 2662.464625 2742.282349 2805.431948 2906.392441 2958.344057 2977.005183 3031.121309 3100.433747 3166.587831 3385.472977 3507.889910 3709.598260 3798.842141 4160.714666 4272.114012 4460.298860 4952.589166 5508.535756 6290.651996 7767.058237 11690.93919 21324.64915 34736.54144 64800.99894 119693.3704 192005.8261 290109.7877 626256.3365
