    unsorted:	 2976.828014 2816.054768 2740.360935 2695.667630 2562.426851 3253.773953 3325.707249 2255.483549 2102.937475 3653.140409 3995.255498 1762.627480 4434.834485 4678.521493 4645.927918 0.004996498508 0.01939532179 1253.711986 926.2541979 1066.540199 690.3407910 543.2887924 5450.693287 5683.641312 5944.624582 6036.197016 7007.969180 7282.132482 8104.193220 8617.175763 9268.541526 10569.05120 11376.76728 12201.80792 13777.85374 14191.14062 15174.21653 16829.78080 17612.75030 18401.60622 20938.91174 22446.03180 26046.47539 33054.60670 34997.02565 49461.35508 82866.66091 116390.5926 155628.1310 207739.6602 306987.9648 2797992.922
      sorted:	 0.004996498508 0.01939532179 543.2887924 690.3407910 926.2541979 1066.540199 1253.711986 1762.627480 2102.937475 2255.483549 2562.426851 2695.667630 2740.360935 2816.054768 2976.828014 3253.773953 3325.707249 3653.140409 3995.255498 4434.834485 4645.927918 4678.521493 5450.693287 5683.641312 5944.624582 6036.197016 7007.969180 7282.132482 8104.193220 8617.175763 9268.541526 10569.05120 11376.76728 12201.80792 13777.85374 14191.14062 15174.21653 16829.78080 17612.75030 18401.60622 20938.91174 22446.03180 26046.47539 33054.60670 34997.02565 49461.35508 82866.66091 116390.5926 155628.1310 207739.6602 306987.9648 2797992.922
