    unsorted:	 0.005194973354 0.01557136205 0.02121110283 9.976645415 1495.431215 1831.951092 1865.624796 1801.779765 1922.487007 1955.053271 1489.996909 1570.797427 1431.230808 2190.078795 2265.343002 2312.025125 2423.520955 2493.646258 2564.579229 2611.581190 2648.363711 2703.268793 2810.331031 2815.508476 2865.877685 2873.755492 1275.045153 3053.000530 1103.918714 1017.372532 805.5599855 730.9777365 571.1466675 157.2222553 104.9841030 127.9970575 322.1552351 3266.596059 3318.937755 3357.418939 3800.502629 4052.710301 4231.970729 5274.642524 5989.893903 20457.01465 34748.58909 61038.83275 105868.7233 193647.3820 280466.6463 418739.1014
      sorted:	 0.005194973354 0.01557136205 0.02121110283 9.976645415 104.9841030 127.9970575 157.2222553 322.1552351 571.1466675 730.9777365 805.5599855 1017.372532 1103.918714 1275.045153 1431.230808 1489.996909 1495.431215 1570.797427 1801.779765 1831.951092 1865.624796 1922.487007 1955.053271 2190.078795 2265.343002 2312.025125 2423.520955 2493.646258 2564.579229 2611.581190 2648.363711 2703.268793 2810.331031 2815.508476 2865.877685 2873.755492 3053.000530 3266.596059 3318.937755 3357.418939 3800.502629 4052.710301 4231.970729 5274.642524 5989.893903 20457.01465 34748.58909 61038.83275 105868.7233 193647.3820 280466.6463 418739.1014
