    unsorted:	 1512.487794 1513.795262 1458.896318 1452.657834 1478.576956 1403.984272 1414.594703 1595.485301 1621.258890 1845.185442 1827.504728 1786.188872 1903.232294 1945.303270 1974.010087 1272.816406 2123.929785 2176.712773 2278.423169 1092.010204 1056.100817 994.3751172 2380.907744 2415.219428 2517.011442 2575.637065 843.3758945 2720.873885 2787.937274 2799.880193 2849.198681 758.8577150 0.005916031321 1.699997722 0.09840646941 21.42615366 44.95723314 459.4083974 337.8791671 308.0666123 113.1495817 3062.793077 3366.392021 4415.268608 5125.466279 5521.323065 11755.64357 34125.67925 61035.10967 193753.7752 280779.6092 418651.3786
      sorted:	 0.005916031321 0.09840646941 1.699997722 21.42615366 44.95723314 113.1495817 308.0666123 337.8791671 459.4083974 758.8577150 843.3758945 994.3751172 1056.100817 1092.010204 1272.816406 1403.984272 1414.594703 1452.657834 1458.896318 1478.576956 1512.487794 1513.795262 1595.485301 1621.258890 1786.188872 1827.504728 1845.185442 1903.232294 1945.303270 1974.010087 2123.929785 2176.712773 2278.423169 2380.907744 2415.219428 2517.011442 2575.637065 2720.873885 2787.937274 2799.880193 2849.198681 3062.793077 3366.392021 4415.268608 5125.466279 5521.323065 11755.64357 34125.67925 61035.10967 193753.7752 280779.6092 418651.3786
