    unsorted:	 0.009153186718 1339.963904 1395.772681 1243.396769 1176.115085 962.7018489 973.5872926 787.9745964 599.8706520 514.2079467 672.9639542 416.7483886 327.9641214 289.0954747 246.5773134 225.3931405 1566.015903 1677.723528 41.27922408 2021.195354 2070.392570 2104.446412 -192.5880173 2463.966069 2564.922342 2679.558510 3173.225993 3540.275265 3748.281191 -1075.650506 4117.353095 5268.719452 5373.721563 5847.935976 5889.892085 6727.840565 8035.962406 10712.29565 12130.05287 14045.50518 21028.61008 33902.32923 45049.06001 56643.65272 72986.74011 182349.0454 -210098.4463 265425.3373 394666.8666 1297065.703 9908820.175 -9170988.447
      sorted:	 -9170988.447 -210098.4463 -1075.650506 -192.5880173 0.009153186718 41.27922408 225.3931405 246.5773134 289.0954747 327.9641214 416.7483886 514.2079467 599.8706520 672.9639542 787.9745964 962.7018489 973.5872926 1176.115085 1243.396769 1339.963904 1395.772681 1566.015903 1677.723528 2021.195354 2070.392570 2104.446412 2463.966069 2564.922342 2679.558510 3173.225993 3540.275265 3748.281191 4117.353095 5268.719452 5373.721563 5847.935976 5889.892085 6727.840565 8035.962406 10712.29565 12130.05287 14045.50518 21028.61008 33902.32923 45049.06001 56643.65272 72986.74011 182349.0454 265425.3373 394666.8666 1297065.703 9908820.175
