    unsorted:	 2967.191247 2715.152588 2801.718255 2679.259865 2542.162884 3251.946394 3322.404678 2252.327341 3641.773068 2098.654776 3984.484097 1761.641619 4404.231175 4581.330262 4652.797710 0.004998086068 0.01943676409 1252.425083 924.1301097 1063.940062 689.4796846 537.9725882 5433.755401 5657.913533 5921.199735 6013.863024 6993.878283 7488.340747 8072.224397 8569.544084 8860.324745 10675.56542 11942.50006 12582.33036 13710.18152 14866.44009 15797.81770 16515.40532 17756.34090 18547.23133 20856.31407 22294.38111 30090.06178 32908.61731 34996.89024 50089.90189 83392.01712 118922.0077 154655.3639 209800.3796 304594.1975 3074537.309
      sorted:	 0.004998086068 0.01943676409 537.9725882 689.4796846 924.1301097 1063.940062 1252.425083 1761.641619 2098.654776 2252.327341 2542.162884 2679.259865 2715.152588 2801.718255 2967.191247 3251.946394 3322.404678 3641.773068 3984.484097 4404.231175 4581.330262 4652.797710 5433.755401 5657.913533 5921.199735 6013.863024 6993.878283 7488.340747 8072.224397 8569.544084 8860.324745 10675.56542 11942.50006 12582.33036 13710.18152 14866.44009 15797.81770 16515.40532 17756.34090 18547.23133 20856.31407 22294.38111 30090.06178 32908.61731 34996.89024 50089.90189 83392.01712 118922.0077 154655.3639 209800.3796 304594.1975 3074537.309
