    unsorted:	 0.005218571413 1.170407502 0.02155481449 6415.547780 6724.527337 6126.845794 5884.342232 5702.736225 7477.226305 7716.100765 7967.662880 5169.339716 8394.830852 9191.743657 4137.174105 4337.442434 3499.989391 3256.511811 2966.080661 9631.262467 10041.99468 10761.72192 10908.33760 2248.235137 1891.396942 11637.34400 12004.97741 12284.07782 1190.570441 171.0057524 722.7781287 526.1527126 12771.08206 13527.53616 13960.85053 14254.27668 15546.83110 15716.36935 16304.09057 16955.00540 19102.94814 19725.33335 21204.55717 33642.37985 52949.04758 58542.04831 76499.28926 89277.20147 136407.1187 143732.7913 170027.8939 192829.1989 283525.2473 367558.6429 929017.9797
      sorted:	 0.005218571413 0.02155481449 1.170407502 171.0057524 526.1527126 722.7781287 1190.570441 1891.396942 2248.235137 2966.080661 3256.511811 3499.989391 4137.174105 4337.442434 5169.339716 5702.736225 5884.342232 6126.845794 6415.547780 6724.527337 7477.226305 7716.100765 7967.662880 8394.830852 9191.743657 9631.262467 10041.99468 10761.72192 10908.33760 11637.34400 12004.97741 12284.07782 12771.08206 13527.53616 13960.85053 14254.27668 15546.83110 15716.36935 16304.09057 16955.00540 19102.94814 19725.33335 21204.55717 33642.37985 52949.04758 58542.04831 76499.28926 89277.20147 136407.1187 143732.7913 170027.8939 192829.1989 283525.2473 367558.6429 929017.9797
