    unsorted:	 1522.581841 2058.541075 1940.070391 1904.178366 1975.510717 1874.659616 1847.169749 2077.102706 1767.994691 2164.028686 2202.284038 2238.594844 2295.666953 1658.882913 1601.860852 1514.787330 1455.730549 1448.774516 1408.265354 1387.485914 2434.255986 2482.303129 2518.213734 2527.379212 1112.094992 1060.281767 1000.613749 2731.421443 2851.110519 2802.669819 824.4463990 760.5702195 2956.032422 0.005924341984 1.467122061 0.09697837092 444.3851706 379.1633819 322.0044810 45.84146125 3367.362277 4101.787561 5156.537028 5409.621356 11297.97846 15416.87186 34258.26647 46176.53646 61048.27686 193730.3185 281203.9040 418756.4934
      sorted:	 0.005924341984 0.09697837092 1.467122061 45.84146125 322.0044810 379.1633819 444.3851706 760.5702195 824.4463990 1000.613749 1060.281767 1112.094992 1387.485914 1408.265354 1448.774516 1455.730549 1514.787330 1522.581841 1601.860852 1658.882913 1767.994691 1847.169749 1874.659616 1904.178366 1940.070391 1975.510717 2058.541075 2077.102706 2164.028686 2202.284038 2238.594844 2295.666953 2434.255986 2482.303129 2518.213734 2527.379212 2731.421443 2802.669819 2851.110519 2956.032422 3367.362277 4101.787561 5156.537028 5409.621356 11297.97846 15416.87186 34258.26647 46176.53646 61048.27686 193730.3185 281203.9040 418756.4934
